   0.000000E+00    1.274517E-01
   1.257895E-02    1.983014E+00
   2.515790E-02    2.288954E+00
   3.773685E-02   -3.457057E-02
   5.031580E-02   -2.202141E-02
   6.289475E-02   -1.133616E-01
   7.547370E-02    1.164201E+00
   8.805265E-02    2.736363E+00
   1.006316E-01    6.645650E-01
   1.132105E-01    3.329202E-01
   1.257895E-01    1.211458E+00
   1.383684E-01    3.070058E+00
   1.509474E-01    8.271647E-01
   1.635263E-01    2.333588E+00
   1.761053E-01    1.713953E+00
   1.886842E-01    1.582903E-01
   2.012632E-01    1.828631E+00
   2.138421E-01    3.870859E+00
   2.264211E-01    2.839834E+00
   2.390000E-01    1.211555E-01
   2.515790E-01    1.992678E+00
   2.641579E-01    2.141519E+00
   2.767369E-01    1.442342E+00
   2.893158E-01    3.742430E-01
   3.018948E-01   -4.538234E-01
   3.144737E-01    1.673188E+00
   3.270527E-01    2.190662E+00
   3.396316E-01    1.640301E+00
   3.522106E-01    1.989236E+00
   3.647895E-01    1.029770E+00
   3.773685E-01    1.927078E+00
   3.899474E-01    2.971057E+00
   4.025264E-01    1.411109E+00
   4.151053E-01    1.254812E+00
   4.276843E-01   -4.026052E-01
   4.402632E-01    7.483012E-01
   4.528422E-01    1.357402E+00
   4.654211E-01    1.534425E+00
   4.780001E-01    1.111413E+00
   4.905790E-01    2.573511E+00
   5.031580E-01    1.293092E+00
   5.157369E-01    2.735329E+00
   5.283159E-01    9.515031E-01
   5.408948E-01    3.786304E+00
   5.534738E-01    9.118294E-01
   5.660527E-01    2.435468E+00
   5.786317E-01    2.319578E+00
   5.912106E-01    1.802494E+00
   6.037896E-01    2.646587E+00
   6.163685E-01    2.574972E+00
   6.289475E-01    3.565709E+00
   6.415264E-01    3.004211E+00
   6.541054E-01    5.014707E-01
   6.666843E-01    2.734162E+00
   6.792633E-01    3.258406E-01
   6.918422E-01    1.997197E+00
   7.044212E-01    1.866400E+00
   7.170001E-01    1.442591E+00
   7.295791E-01    3.422330E+00
   7.421580E-01    3.171666E+00
   7.547370E-01    1.609076E+00
   7.673159E-01    1.661630E+00
   7.798949E-01    4.951474E+00
   7.924738E-01    2.895800E+00
   8.050528E-01    3.749092E+00
   8.176317E-01    8.901156E-01
   8.302107E-01    1.893858E+00
   8.427896E-01    5.027660E-01
   8.553686E-01    3.000982E+00
   8.679475E-01    2.151866E+00
   8.805265E-01    3.676721E+00
   8.931054E-01    2.247322E+00
   9.056844E-01    2.049322E+00
   9.182633E-01    1.153956E+00
   9.308423E-01    1.601264E+00
   9.434212E-01    1.410074E+00
   9.560002E-01    3.549069E+00
   9.685791E-01    3.091432E+00
   9.811581E-01    1.996308E+00
   9.937370E-01    1.753843E+00
   1.006316E+00    3.217112E+00
   1.018895E+00    3.587784E+00
   1.031474E+00    3.281612E+00
   1.044053E+00    4.536696E+00
   1.056632E+00    4.393019E+00
   1.069211E+00    3.428377E+00
   1.081790E+00    3.417028E+00
   1.094369E+00    3.820405E+00
   1.106948E+00    3.166053E+00
   1.119527E+00    3.844029E+00
   1.132105E+00    3.239453E+00
   1.144684E+00    2.296165E+00
   1.157263E+00    2.280130E+00
   1.169842E+00    3.718652E+00
   1.182421E+00    1.887451E+00
   1.195000E+00    3.423093E+00
   1.207579E+00    2.364637E+00
   1.220158E+00    3.013163E+00
   1.232737E+00    3.222175E+00
   1.245316E+00    2.357145E+00
   1.257895E+00    2.770201E+00
   1.270474E+00    2.761249E+00
   1.283053E+00    4.065330E+00
   1.295632E+00    3.551898E+00
   1.308211E+00    2.089095E+00
   1.320790E+00    4.605354E+00
   1.333369E+00    1.633772E+00
   1.345948E+00    4.313042E+00
   1.358527E+00    3.603664E+00
   1.371106E+00    3.985210E+00
   1.383684E+00    4.013014E+00
   1.396263E+00    4.563781E+00
   1.408842E+00    1.752241E+00
   1.421421E+00    2.739398E+00
   1.434000E+00    2.049999E+00
   1.446579E+00    4.348599E+00
   1.459158E+00    1.941737E+00
   1.471737E+00    2.670069E+00
   1.484316E+00    3.036723E+00
   1.496895E+00    2.446468E+00
   1.509474E+00    1.926699E+00
   1.522053E+00    2.887058E+00
   1.534632E+00    3.077474E+00
   1.547211E+00    3.847791E+00
   1.559790E+00    3.137674E+00
   1.572369E+00    2.899411E+00
   1.584948E+00    2.905676E+00
   1.597527E+00    4.938606E+00
   1.610106E+00    2.730335E+00
   1.622684E+00    4.055850E+00
   1.635263E+00    5.027738E+00
   1.647842E+00    3.883112E+00
   1.660421E+00    4.926283E+00
   1.673000E+00    3.698540E+00
   1.685579E+00    4.289727E+00
   1.698158E+00    2.254631E+00
   1.710737E+00    3.974621E+00
   1.723316E+00    3.076359E+00
   1.735895E+00    4.019358E+00
   1.748474E+00    3.465357E+00
   1.761053E+00    1.974215E+00
   1.773632E+00    4.263192E+00
   1.786211E+00    1.136921E+00
   1.798790E+00    4.250581E+00
   1.811369E+00    4.033622E+00
   1.823948E+00    2.123826E+00
   1.836527E+00    2.857958E+00
   1.849106E+00    2.036154E+00
   1.861685E+00    2.847460E+00
   1.874263E+00    1.639723E+00
   1.886842E+00    3.462803E+00
   1.899421E+00    3.716930E+00
   1.912000E+00    4.177034E+00
   1.924579E+00    2.636287E+00
   1.937158E+00    4.417317E+00
   1.949737E+00    1.822486E+00
   1.962316E+00    1.885692E+00
   1.974895E+00    3.401387E+00
   1.987474E+00    6.191792E+00
   2.000053E+00    4.326997E+00
   2.012632E+00    4.291183E+00
   2.025211E+00    3.856903E+00
   2.037790E+00    3.646903E+00
   2.050369E+00    3.802496E+00
   2.062948E+00    3.112667E+00
   2.075527E+00    3.094640E+00
   2.088106E+00    3.059860E+00
   2.100685E+00    3.031540E+00
   2.113264E+00    2.252697E+00
   2.125842E+00    5.145993E+00
   2.138421E+00    2.846544E+00
   2.151000E+00    2.922040E+00
   2.163579E+00    3.571681E+00
   2.176158E+00    1.690284E+00
   2.188737E+00    3.151669E+00
   2.201316E+00    1.500018E+00
   2.213895E+00    4.631716E+00
   2.226474E+00    2.092169E+00
   2.239053E+00    6.133588E-01
   2.251632E+00    3.796420E+00
   2.264211E+00    2.780829E+00
   2.276790E+00    2.798588E+00
   2.289369E+00    1.776705E+00
   2.301948E+00    3.059282E+00
   2.314527E+00    3.408937E+00
   2.327106E+00    2.815347E+00
   2.339685E+00    2.592618E+00
   2.352264E+00    3.440118E+00
   2.364843E+00    2.717515E+00
   2.377421E+00    1.582405E+00
   2.390000E+00    3.245926E+00
   2.402579E+00    2.995723E+00
   2.415158E+00    4.410997E+00
   2.427737E+00    1.935124E+00
   2.440316E+00    1.669820E+00
   2.452895E+00    2.766373E+00
   2.465474E+00    4.056391E+00
   2.478053E+00    1.408337E+00
   2.490632E+00    1.827363E+00
   2.503211E+00    1.853112E+00
   2.515790E+00    2.207232E+00
   2.528369E+00    2.493393E+00
   2.540948E+00    3.694334E+00
   2.553527E+00    3.472260E+00
   2.566106E+00    8.683366E-01
   2.578685E+00    3.139615E+00
   2.591264E+00    1.926325E+00
   2.603843E+00    3.378565E-01
   2.616422E+00    2.493594E+00
   2.629000E+00    2.641779E+00
   2.641579E+00    1.107267E+00
   2.654158E+00    2.007133E+00
   2.666737E+00    3.314163E+00
   2.679316E+00    4.009213E+00
   2.691895E+00    2.019765E-01
   2.704474E+00   -1.561442E-02
   2.717053E+00    1.183742E+00
   2.729632E+00    3.210232E+00
   2.742211E+00    1.561715E+00
   2.754790E+00    9.695788E-01
   2.767369E+00    8.677538E-01
   2.779948E+00    8.878737E-01
   2.792527E+00    1.162359E+00
   2.805106E+00    1.609392E+00
   2.817685E+00    1.603331E+00
   2.830264E+00    1.270012E+00
   2.842843E+00    3.056934E+00
   2.855422E+00   -2.566616E-01
   2.868001E+00    1.384488E+00
   2.880579E+00    2.209431E+00
   2.893158E+00    7.322215E-01
   2.905737E+00    7.807759E-01
   2.918316E+00    1.734083E+00
   2.930895E+00    2.689303E+00
   2.943474E+00    6.070735E-01
   2.956053E+00    8.837959E-01
   2.968632E+00    1.156071E+00
   2.981211E+00    3.220691E-01
   2.993790E+00   -8.471537E-01
   3.006369E+00    4.529733E-01
   3.018948E+00    3.211085E-01
   3.031527E+00    2.453751E-01
   3.044106E+00    1.388686E+00
   3.056685E+00    1.458117E+00
   3.069264E+00    2.325188E+00
   3.081843E+00   -6.243635E-01
   3.094422E+00   -4.755702E-01
   3.107001E+00    7.148432E-01
   3.119579E+00    1.727222E+00
   3.132158E+00    7.243477E-01
   3.144737E+00   -4.164070E-01
   3.157316E+00    2.878168E+00
   3.169895E+00   -1.416030E-01
   3.182474E+00   -2.884184E-03
   3.195053E+00   -7.795866E-01
   3.207632E+00    9.520632E-01
   3.220211E+00   -1.086565E+00
   3.232790E+00   -3.622240E-01
   3.245369E+00   -4.489014E-01
   3.257948E+00    7.018157E-01
   3.270527E+00   -6.804699E-01
   3.283106E+00   -8.619338E-01
   3.295685E+00    1.716595E+00
   3.308264E+00    2.217866E-01
   3.320843E+00    3.614797E-03
   3.333422E+00   -7.197389E-01
   3.346001E+00   -3.261591E-01
   3.358580E+00   -5.489371E-01
   3.371158E+00   -3.018999E-01
   3.383737E+00   -5.265294E-02
   3.396316E+00    2.294732E-01
   3.408895E+00   -1.049912E+00
   3.421474E+00   -4.442885E-01
   3.434053E+00   -5.512629E-01
   3.446632E+00   -1.342676E+00
   3.459211E+00    3.220582E-01
   3.471790E+00    1.275487E-01
   3.484369E+00   -3.717576E-01
   3.496948E+00    2.971491E-01
   3.509527E+00    1.353214E+00
   3.522106E+00    2.868847E-01
   3.534685E+00   -6.030555E-01
   3.547264E+00    1.351081E-01
   3.559843E+00    1.730231E+00
   3.572422E+00   -1.120937E+00
   3.585001E+00   -6.536441E-01
   3.597580E+00    5.077194E-01
   3.610159E+00   -1.847879E+00
   3.622737E+00   -2.010061E+00
   3.635316E+00    4.217862E-01
   3.647895E+00    1.627835E-02
   3.660474E+00   -2.111407E-01
   3.673053E+00    5.351942E-03
   3.685632E+00   -1.470250E+00
   3.698211E+00   -2.012655E+00
   3.710790E+00   -1.598865E+00
   3.723369E+00   -1.160897E+00
   3.735948E+00   -2.609912E-01
   3.748527E+00   -1.705444E+00
   3.761106E+00   -2.418090E+00
   3.773685E+00   -5.227511E-01
   3.786264E+00   -2.292916E+00
   3.798843E+00   -2.917550E+00
   3.811422E+00   -1.049693E+00
   3.824001E+00   -2.050898E+00
   3.836580E+00   -2.841964E+00
   3.849159E+00   -2.343182E-01
   3.861738E+00   -2.607796E+00
   3.874316E+00   -4.423562E+00
   3.886895E+00    4.235690E-01
   3.899474E+00   -2.731978E+00
   3.912053E+00    5.478897E-01
   3.924632E+00   -1.265946E+00
   3.937211E+00   -1.105162E+00
   3.949790E+00   -9.862241E-01
   3.962369E+00   -1.434478E+00
   3.974948E+00   -3.173616E-02
   3.987527E+00   -4.469764E-01
   4.000106E+00   -3.650749E+00
   4.012685E+00   -6.082625E-01
   4.025264E+00   -3.976247E+00
   4.037843E+00   -1.667082E+00
   4.050422E+00   -2.039903E+00
   4.063001E+00   -3.189000E+00
   4.075580E+00   -3.167120E+00
   4.088159E+00    3.426361E-01
   4.100738E+00   -2.351860E+00
   4.113317E+00   -3.062417E+00
   4.125895E+00   -1.734884E+00
   4.138474E+00   -1.989343E+00
   4.151053E+00   -2.255097E+00
   4.163632E+00   -8.774222E-01
   4.176211E+00   -2.627353E+00
   4.188790E+00   -1.063509E+00
   4.201369E+00   -2.397021E+00
   4.213948E+00   -3.330734E+00
   4.226527E+00   -1.911212E+00
   4.239106E+00   -1.770903E+00
   4.251685E+00   -3.502408E+00
   4.264264E+00   -2.730524E+00
   4.276843E+00   -1.841510E+00
   4.289422E+00   -1.279765E+00
   4.302001E+00   -3.787238E+00
   4.314580E+00   -2.576007E+00
   4.327159E+00   -2.389959E+00
   4.339738E+00   -8.430723E-01
   4.352317E+00   -1.263076E+00
   4.364895E+00   -1.440435E+00
   4.377474E+00   -3.746986E+00
   4.390053E+00   -1.244900E+00
   4.402632E+00   -2.558760E-01
   4.415211E+00   -3.044183E+00
   4.427790E+00   -1.593505E+00
   4.440369E+00   -2.767140E+00
   4.452948E+00   -3.581038E+00
   4.465527E+00   -3.953727E+00
   4.478106E+00   -1.856319E+00
   4.490685E+00   -3.827869E+00
   4.503264E+00   -1.624718E+00
   4.515843E+00   -2.946515E+00
   4.528422E+00   -3.191300E+00
   4.541001E+00   -1.327402E+00
   4.553580E+00   -3.135388E+00
   4.566159E+00   -2.859123E+00
   4.578738E+00   -3.026725E+00
   4.591317E+00   -3.869402E+00
   4.603896E+00   -1.263835E+00
   4.616474E+00   -1.865116E+00
   4.629053E+00   -1.983321E+00
   4.641632E+00   -2.324352E+00
   4.654211E+00   -3.676219E+00
   4.666790E+00   -2.672140E+00
   4.679369E+00   -3.224207E+00
   4.691948E+00   -3.456534E+00
   4.704527E+00   -3.890772E+00
   4.717106E+00   -2.737566E+00
   4.729685E+00   -1.267938E+00
   4.742264E+00   -2.436395E+00
   4.754843E+00   -2.750370E+00
   4.767422E+00   -3.038743E+00
   4.780001E+00   -1.975652E+00
   4.792580E+00   -3.411637E+00
   4.805159E+00   -2.134561E+00
   4.817738E+00   -2.768470E+00
   4.830317E+00   -1.144686E+00
   4.842896E+00   -2.727628E+00
   4.855475E+00   -1.024326E+00
   4.868053E+00   -3.490780E+00
   4.880632E+00   -1.312190E+00
   4.893211E+00   -2.694476E+00
   4.905790E+00   -3.504620E+00
   4.918369E+00   -2.607684E+00
   4.930948E+00   -2.385356E+00
   4.943527E+00   -3.036651E+00
   4.956106E+00   -1.858627E+00
   4.968685E+00   -1.739478E+00
   4.981264E+00   -1.686284E+00
   4.993843E+00   -2.454171E+00
   5.006422E+00   -2.943400E+00
   5.019001E+00   -3.255340E+00
   5.031580E+00   -1.233921E+00
   5.044159E+00   -1.812429E+00
   5.056738E+00   -2.165044E+00
   5.069317E+00   -6.419950E-01
   5.081896E+00   -4.260649E-01
   5.094475E+00   -1.130273E+00
   5.107054E+00   -2.613068E+00
   5.119632E+00   -2.222228E+00
   5.132211E+00   -1.095331E+00
   5.144790E+00   -1.650226E+00
   5.157369E+00   -8.396044E-01
   5.169948E+00   -2.009526E+00
   5.182527E+00   -4.745858E+00
   5.195106E+00    4.281826E-01
   5.207685E+00   -1.391337E+00
   5.220264E+00   -9.723795E-01
   5.232843E+00   -3.102877E+00
   5.245422E+00   -3.261283E+00
   5.258001E+00   -2.191970E+00
   5.270580E+00   -2.607781E+00
   5.283159E+00   -1.887841E+00
   5.295738E+00   -1.582407E+00
   5.308317E+00   -1.130142E+00
   5.320896E+00   -1.973148E+00
   5.333475E+00   -1.427181E+00
   5.346054E+00   -1.239730E+00
   5.358633E+00   -1.507613E+00
   5.371211E+00   -6.077498E-01
   5.383790E+00   -1.606599E+00
   5.396369E+00   -1.229242E+00
   5.408948E+00   -2.485437E+00
   5.421527E+00   -4.081985E+00
   5.434106E+00   -7.283767E-01
   5.446685E+00   -1.686684E+00
   5.459264E+00   -2.694569E+00
   5.471843E+00   -6.606511E-01
   5.484422E+00   -2.281924E+00
   5.497001E+00   -2.748499E+00
   5.509580E+00   -1.703323E+00
   5.522159E+00    1.074641E-01
   5.534738E+00   -1.115599E+00
   5.547317E+00   -1.475152E+00
   5.559896E+00   -4.100759E-01
   5.572475E+00   -2.532588E+00
   5.585054E+00   -2.028782E+00
   5.597633E+00   -1.213250E+00
   5.610212E+00   -3.466330E+00
   5.622790E+00   -1.368784E+00
   5.635369E+00   -2.205946E+00
   5.647948E+00   -1.982666E+00
   5.660527E+00   -3.433536E+00
   5.673106E+00   -1.131642E+00
   5.685685E+00    1.111153E-01
   5.698264E+00   -2.033931E+00
   5.710843E+00   -1.741982E+00
   5.723422E+00    6.713276E-02
   5.736001E+00   -3.783332E-01
   5.748580E+00   -1.223070E+00
   5.761159E+00    6.869643E-02
   5.773738E+00    1.888583E+00
   5.786317E+00   -1.082831E+00
   5.798896E+00   -1.450301E+00
   5.811475E+00    1.095770E+00
   5.824054E+00   -1.780502E+00
   5.836633E+00   -1.459566E+00
   5.849212E+00   -1.600568E+00
   5.861790E+00    6.474546E-02
   5.874369E+00   -2.330509E+00
   5.886948E+00   -5.472151E-01
   5.899527E+00    1.247252E+00
   5.912106E+00    1.781334E+00
   5.924685E+00    2.447399E-01
   5.937264E+00   -1.892158E-01
   5.949843E+00    1.928628E+00
   5.962422E+00   -6.261129E-01
   5.975001E+00   -1.633105E-01
   5.987580E+00   -7.423720E-02
   6.000159E+00    2.205699E+00
   6.012738E+00   -5.380031E-01
   6.025317E+00    2.247889E-01
   6.037896E+00   -1.356212E+00
   6.050475E+00   -3.796294E-01
   6.063054E+00   -3.652651E+00
   6.075633E+00   -3.431502E-01
   6.088212E+00    3.637882E-01
   6.100791E+00   -8.052518E-01
   6.113369E+00   -1.053101E+00
   6.125948E+00   -1.274402E+00
   6.138527E+00    3.143623E-01
   6.151106E+00   -1.280839E+00
   6.163685E+00    3.467257E-01
   6.176264E+00    4.404949E-01
   6.188843E+00    2.092934E+00
   6.201422E+00    2.461214E+00
   6.214001E+00    1.931485E+00
   6.226580E+00    8.950169E-01
   6.239159E+00   -3.383642E-01
   6.251738E+00    2.871119E-01
   6.264317E+00    3.626930E-01
   6.276896E+00    2.637998E+00
   6.289475E+00   -4.183227E-01
   6.302054E+00    1.760422E+00
   6.314633E+00    2.018204E-01
   6.327212E+00   -3.218670E-01
   6.339791E+00    1.728331E+00
   6.352370E+00   -1.192683E+00
   6.364948E+00    3.156663E-01
   6.377527E+00    2.103066E+00
   6.390106E+00   -1.070129E+00
   6.402685E+00    2.975901E+00
   6.415264E+00   -3.094434E-01
   6.427843E+00   -1.359837E+00
   6.440422E+00    1.442253E+00
   6.453001E+00    4.236563E-02
   6.465580E+00    6.593211E-01
   6.478159E+00    3.005125E-01
   6.490738E+00    3.194069E+00
   6.503317E+00    2.245386E+00
   6.515896E+00    1.629208E+00
   6.528475E+00    9.230243E-01
   6.541054E+00   -1.114095E+00
   6.553633E+00    2.256442E+00
   6.566212E+00    8.058020E-01
   6.578791E+00    2.543864E+00
   6.591370E+00    7.556018E-01
   6.603949E+00    1.196530E+00
   6.616527E+00    7.244538E-01
   6.629106E+00    7.740014E-01
   6.641685E+00    3.004902E+00
   6.654264E+00    4.347338E-01
   6.666843E+00    1.398624E+00
   6.679422E+00    2.466234E+00
   6.692001E+00    1.332106E+00
   6.704580E+00    2.327595E-01
   6.717159E+00    3.169860E+00
   6.729738E+00    8.583940E-01
   6.742317E+00    1.746712E+00
   6.754896E+00    2.628885E+00
   6.767475E+00    5.533965E-01
   6.780054E+00    3.445016E+00
   6.792633E+00    2.924282E+00
   6.805212E+00    4.008128E-01
   6.817791E+00    1.542713E+00
   6.830370E+00    3.955331E+00
   6.842949E+00    1.804661E+00
   6.855528E+00    2.952759E+00
   6.868106E+00    2.845271E+00
   6.880685E+00    3.165390E+00
   6.893264E+00    2.909409E+00
   6.905843E+00    2.270983E+00
   6.918422E+00    1.880048E+00
   6.931001E+00    2.323317E+00
   6.943580E+00    2.326226E+00
   6.956159E+00    2.853473E+00
   6.968738E+00    3.464146E+00
   6.981317E+00    3.034255E+00
   6.993896E+00    1.847357E+00
   7.006475E+00    2.597662E+00
   7.019054E+00    3.659536E+00
   7.031633E+00    1.458865E+00
   7.044212E+00    3.059397E+00
   7.056791E+00    3.357660E+00
   7.069370E+00    3.673059E+00
   7.081949E+00    4.290865E+00
   7.094528E+00    4.929656E+00
   7.107107E+00    2.528483E+00
   7.119685E+00    3.317094E+00
   7.132264E+00    3.267777E+00
   7.144843E+00    3.759667E+00
   7.157422E+00    2.515893E+00
   7.170001E+00    2.507648E+00
   7.182580E+00    5.240755E+00
   7.195159E+00    2.617099E+00
   7.207738E+00    2.305710E+00
   7.220317E+00    3.348182E+00
   7.232896E+00    3.066288E+00
   7.245475E+00    3.504586E+00
   7.258054E+00    3.839529E+00
   7.270633E+00    3.957427E+00
   7.283212E+00    3.506635E+00
   7.295791E+00    3.396356E+00
   7.308370E+00    2.432074E+00
   7.320949E+00    1.390831E+00
   7.333528E+00    5.567612E+00
   7.346107E+00    3.198966E+00
   7.358685E+00    3.573170E+00
   7.371264E+00    3.230045E+00
   7.383843E+00    3.805178E+00
   7.396422E+00    3.139881E+00
   7.409001E+00    3.442858E+00
   7.421580E+00    3.643348E+00
   7.434159E+00    2.085161E+00
   7.446738E+00    4.992522E+00
   7.459317E+00    2.422106E+00
   7.471896E+00    3.787930E+00
   7.484475E+00    2.454211E+00
   7.497054E+00    4.571458E+00
   7.509633E+00    5.362994E+00
   7.522212E+00    4.098963E+00
   7.534791E+00    3.350978E+00
   7.547370E+00    1.626076E+00
   7.559949E+00    2.942360E+00
   7.572528E+00    4.176307E+00
   7.585107E+00    6.536123E+00
   7.597686E+00    8.149261E-01
   7.610264E+00    2.846374E+00
   7.622843E+00    3.573094E+00
   7.635422E+00    2.663446E+00
   7.648001E+00    4.624964E+00
   7.660580E+00    4.012485E+00
   7.673159E+00    1.500099E+00
   7.685738E+00    3.110094E+00
   7.698317E+00    3.947005E+00
   7.710896E+00    1.884519E+00
   7.723475E+00    3.108631E+00
   7.736054E+00    4.302821E+00
   7.748633E+00    1.442317E+00
   7.761212E+00    3.756740E+00
   7.773791E+00    4.073715E+00
   7.786370E+00    4.292260E+00
   7.798949E+00    4.480915E+00
   7.811528E+00    3.080219E+00
   7.824107E+00    4.119946E+00
   7.836686E+00    2.405237E+00
   7.849265E+00    2.338487E+00
   7.861843E+00    3.386129E+00
   7.874422E+00    3.808210E+00
   7.887001E+00    3.985221E+00
   7.899580E+00    4.302494E+00
   7.912159E+00    2.722760E+00
   7.924738E+00    4.342051E+00
   7.937317E+00    3.143748E+00
   7.949896E+00    6.035581E+00
   7.962475E+00    3.189332E+00
   7.975054E+00    4.040853E+00
   7.987633E+00    3.848160E+00
   8.000212E+00    2.977426E+00
   8.012791E+00    2.708340E+00
   8.025370E+00    3.768450E+00
   8.037949E+00    4.392429E+00
   8.050528E+00    4.633876E+00
   8.063107E+00    3.594782E+00
   8.075686E+00    3.321734E+00
   8.088265E+00    2.393301E+00
   8.100844E+00    3.946322E+00
   8.113422E+00    2.626234E+00
   8.126001E+00    2.787214E+00
   8.138580E+00    2.174365E+00
   8.151159E+00    2.977966E+00
   8.163738E+00    3.260462E+00
   8.176317E+00    4.530077E+00
   8.188896E+00    2.621557E+00
   8.201475E+00    3.950963E+00
   8.214054E+00    3.397686E+00
   8.226633E+00    3.344522E+00
   8.239212E+00    3.438230E+00
   8.251791E+00    2.909184E+00
   8.264370E+00    3.582521E+00
   8.276949E+00    4.058115E+00
   8.289528E+00    3.853440E+00
   8.302107E+00    3.045099E+00
   8.314686E+00    9.274933E-01
   8.327265E+00    4.335041E+00
   8.339844E+00    4.951875E+00
   8.352423E+00    1.833965E+00
   8.365001E+00    3.936289E+00
   8.377580E+00    4.539649E+00
   8.390159E+00    3.540814E+00
   8.402738E+00    3.863402E+00
   8.415317E+00    3.374163E+00
   8.427896E+00    4.632508E+00
   8.440475E+00    2.811418E+00
   8.453054E+00    3.103712E+00
   8.465633E+00    3.248609E+00
   8.478212E+00    1.562856E+00
   8.490791E+00    4.162247E+00
   8.503370E+00    3.695724E+00
   8.515949E+00    2.617653E+00
   8.528528E+00    3.298373E+00
   8.541107E+00    2.429715E+00
   8.553686E+00    2.408398E+00
   8.566265E+00    2.173497E+00
   8.578844E+00    2.814606E+00
   8.591423E+00    8.503797E-01
   8.604002E+00    1.720264E+00
   8.616580E+00    3.254188E+00
   8.629159E+00    2.784704E+00
   8.641738E+00    4.187762E+00
   8.654317E+00    2.540727E+00
   8.666896E+00    2.879125E+00
   8.679475E+00    3.145206E+00
   8.692054E+00    4.325411E+00
   8.704633E+00    3.373428E+00
   8.717212E+00    2.550499E+00
   8.729791E+00    1.939837E+00
   8.742370E+00    2.905866E+00
   8.754949E+00    3.700102E+00
   8.767528E+00    2.889807E+00
   8.780107E+00    3.122394E+00
   8.792686E+00    1.746668E+00
   8.805265E+00    1.514725E+00
   8.817844E+00    2.082669E+00
   8.830423E+00    1.836850E+00
   8.843002E+00    1.004122E+00
   8.855580E+00    2.008345E+00
   8.868159E+00    2.947581E+00
   8.880738E+00    2.374358E+00
   8.893317E+00    2.109228E+00
   8.905896E+00    1.679442E+00
   8.918475E+00    1.216846E+00
   8.931054E+00   -1.027871E-01
   8.943633E+00    1.666340E+00
   8.956212E+00    1.439367E+00
   8.968791E+00   -4.597112E-01
   8.981370E+00    1.606115E+00
   8.993949E+00    1.239850E+00
   9.006528E+00    2.237479E+00
   9.019107E+00    2.474201E+00
   9.031686E+00    2.141458E+00
   9.044265E+00    9.398392E-01
   9.056844E+00    1.255380E+00
   9.069423E+00    2.382664E+00
   9.082002E+00   -2.742466E-01
   9.094581E+00    1.426893E+00
   9.107159E+00    1.763545E+00
   9.119738E+00    1.203047E+00
   9.132317E+00    9.994662E-01
   9.144896E+00    9.267410E-01
   9.157475E+00    2.141658E+00
   9.170054E+00    2.502972E+00
   9.182633E+00    6.456884E-01
   9.195212E+00    2.309097E+00
   9.207791E+00    2.806472E+00
   9.220370E+00    1.501369E+00
   9.232949E+00    7.212266E-01
   9.245528E+00    1.053202E+00
   9.258107E+00   -1.769118E+00
   9.270686E+00    6.021119E-01
   9.283265E+00    7.965543E-01
   9.295844E+00    9.546047E-01
   9.308423E+00    3.111991E-01
   9.321002E+00   -2.904863E-01
   9.333581E+00   -1.028464E+00
   9.346160E+00    1.160199E+00
   9.358738E+00    1.309324E+00
   9.371317E+00    1.510049E+00
   9.383896E+00    9.918003E-01
   9.396475E+00    1.391239E+00
   9.409054E+00    1.255539E+00
   9.421633E+00    5.014981E-01
   9.434212E+00   -4.152507E-02
   9.446791E+00    6.452347E-01
   9.459370E+00    3.504349E-01
   9.471949E+00    3.182016E-01
   9.484528E+00   -2.479153E+00
   9.497107E+00    1.032916E+00
   9.509686E+00   -2.612535E-01
   9.522265E+00    8.496470E-01
   9.534844E+00    5.556652E-01
   9.547423E+00    1.560149E+00
   9.560002E+00    1.911290E-01
   9.572581E+00   -1.170119E+00
   9.585160E+00    8.384356E-01
   9.597739E+00    2.261676E-01
   9.610317E+00    3.459271E-01
   9.622896E+00   -1.440453E-01
   9.635475E+00    8.526810E-01
   9.648054E+00   -1.010493E-01
   9.660633E+00   -4.466701E-03
   9.673212E+00   -1.120097E-01
   9.685791E+00    5.482526E-01
   9.698370E+00   -3.806871E-01
   9.710949E+00   -1.061702E+00
   9.723528E+00   -7.981511E-02
   9.736107E+00   -1.042479E+00
   9.748686E+00   -7.183531E-01
   9.761265E+00   -3.114446E-01
   9.773844E+00    1.028832E+00
   9.786423E+00   -1.326556E+00
   9.799002E+00   -1.854354E+00
   9.811581E+00   -1.099589E+00
   9.824160E+00   -1.158399E+00
   9.836739E+00   -1.793987E-01
   9.849318E+00    7.510012E-01
   9.861896E+00    5.078296E-01
   9.874475E+00   -2.124094E+00
   9.887054E+00   -1.002304E+00
   9.899633E+00   -3.239181E+00
   9.912212E+00   -3.660040E+00
   9.924791E+00   -5.857230E-01
   9.937370E+00    4.396558E-02
   9.949949E+00   -7.678953E-01
   9.962528E+00    1.169399E+00
   9.975107E+00    7.369092E-01
   9.987686E+00   -5.977622E-01
   1.000026E+01   -2.231000E-01
   1.001284E+01   -3.225486E+00
   1.002542E+01   -1.832913E+00
   1.003800E+01   -9.727989E-01
   1.005058E+01    2.582322E-01
   1.006316E+01   -6.126889E-01
   1.007574E+01   -1.478240E+00
   1.008832E+01   -4.523030E-01
   1.010090E+01   -2.171751E+00
   1.011348E+01   -1.666134E+00
   1.012605E+01   -1.584443E+00
   1.013863E+01   -3.259152E+00
   1.015121E+01   -1.364301E+00
   1.016379E+01   -1.061327E+00
   1.017637E+01   -1.769997E+00
   1.018895E+01   -4.702213E-01
   1.020153E+01   -6.280970E-02
   1.021411E+01   -3.220156E+00
   1.022669E+01   -1.934307E+00
   1.023926E+01   -1.058214E+00
   1.025184E+01   -7.316356E-01
   1.026442E+01   -2.289807E+00
   1.027700E+01   -2.687282E+00
   1.028958E+01   -3.440479E+00
   1.030216E+01   -9.892683E-02
   1.031474E+01   -2.659498E+00
   1.032732E+01   -1.141484E+00
   1.033990E+01   -2.987881E+00
   1.035248E+01   -2.484472E+00
   1.036505E+01   -3.412927E+00
   1.037763E+01   -2.057130E+00
   1.039021E+01   -1.848947E+00
   1.040279E+01   -1.841238E+00
   1.041537E+01   -3.288025E+00
   1.042795E+01   -2.191462E+00
   1.044053E+01   -2.965536E+00
   1.045311E+01   -9.820076E-01
   1.046569E+01   -1.770090E+00
   1.047826E+01    1.429488E-02
   1.049084E+01   -3.719169E+00
   1.050342E+01   -3.011402E+00
   1.051600E+01   -4.830985E+00
   1.052858E+01   -2.563436E+00
   1.054116E+01   -2.179665E+00
   1.055374E+01   -2.324828E+00
   1.056632E+01   -2.414905E+00
   1.057890E+01   -3.125808E+00
   1.059148E+01   -2.155794E+00
   1.060405E+01   -1.161971E+00
   1.061663E+01   -3.133232E+00
   1.062921E+01   -3.109122E+00
   1.064179E+01   -2.048000E+00
   1.065437E+01   -1.807533E+00
   1.066695E+01   -4.773878E+00
   1.067953E+01   -3.034927E+00
   1.069211E+01   -2.963787E+00
   1.070469E+01   -4.154291E+00
   1.071727E+01   -2.404265E+00
   1.072984E+01   -8.982232E-01
   1.074242E+01   -1.949037E+00
   1.075500E+01   -3.415643E+00
   1.076758E+01   -2.863473E+00
   1.078016E+01   -1.609917E+00
   1.079274E+01   -1.970046E+00
   1.080532E+01   -1.787419E+00
   1.081790E+01   -1.677726E+00
   1.083048E+01   -2.653821E+00
   1.084305E+01   -3.647679E-01
   1.085563E+01   -2.666692E+00
   1.086821E+01   -1.812978E+00
   1.088079E+01   -1.240963E+00
   1.089337E+01   -1.506536E+00
   1.090595E+01   -1.798376E+00
   1.091853E+01   -1.941545E+00
   1.093111E+01   -2.814551E+00
   1.094369E+01   -2.903759E+00
   1.095627E+01   -2.505269E+00
   1.096884E+01   -2.952317E+00
   1.098142E+01   -3.521064E+00
   1.099400E+01   -3.714904E+00
   1.100658E+01   -2.946196E+00
   1.101916E+01   -2.235715E+00
   1.103174E+01   -2.405660E+00
   1.104432E+01   -2.595000E+00
   1.105690E+01   -2.496661E+00
   1.106948E+01   -1.908955E+00
   1.108205E+01   -3.046283E+00
   1.109463E+01   -2.519906E+00
   1.110721E+01   -2.468328E+00
   1.111979E+01   -1.350818E+00
   1.113237E+01   -3.821836E+00
   1.114495E+01   -1.581925E+00
   1.115753E+01   -2.087716E+00
   1.117011E+01   -1.550001E+00
   1.118269E+01   -2.023471E+00
   1.119527E+01   -2.743578E+00
   1.120784E+01   -1.916196E+00
   1.122042E+01   -1.570688E+00
   1.123300E+01   -1.573749E+00
   1.124558E+01   -1.953856E+00
   1.125816E+01   -1.345841E+00
   1.127074E+01   -1.837701E+00
   1.128332E+01   -2.929452E+00
   1.129590E+01   -2.738861E+00
   1.130848E+01   -2.170771E+00
   1.132105E+01   -6.871974E-01
   1.133363E+01   -2.660152E+00
   1.134621E+01   -2.951535E+00
   1.135879E+01   -1.082960E+00
   1.137137E+01   -9.149072E-01
   1.138395E+01   -2.490776E+00
   1.139653E+01   -2.286187E+00
   1.140911E+01   -1.364747E+00
   1.142169E+01   -1.972593E+00
   1.143427E+01   -2.092342E+00
   1.144684E+01   -1.800048E+00
   1.145942E+01   -2.485228E+00
   1.147200E+01   -5.385026E-01
   1.148458E+01   -2.128222E+00
   1.149716E+01   -3.159468E+00
   1.150974E+01   -1.930263E+00
   1.152232E+01   -1.630534E+00
   1.153490E+01   -2.211664E+00
   1.154748E+01   -1.399008E+00
   1.156005E+01   -2.498559E+00
   1.157263E+01   -2.308638E+00
   1.158521E+01   -1.696936E+00
   1.159779E+01   -3.375050E+00
   1.161037E+01   -1.800274E+00
   1.162295E+01   -1.215950E+00
   1.163553E+01   -3.422934E+00
   1.164811E+01   -1.687243E+00
   1.166069E+01   -2.646183E+00
   1.167327E+01   -1.166157E+00
   1.168584E+01   -3.823844E+00
   1.169842E+01   -1.927333E+00
   1.171100E+01   -3.299864E+00
   1.172358E+01   -1.754177E+00
   1.173616E+01    4.570530E-01
   1.174874E+01   -1.511937E+00
   1.176132E+01   -1.969184E+00
   1.177390E+01   -9.318492E-01
   1.178648E+01   -1.718303E+00
   1.179905E+01   -4.378417E-02
   1.181163E+01   -2.568825E+00
   1.182421E+01   -1.853161E+00
   1.183679E+01   -6.851574E-01
   1.184937E+01   -1.703593E+00
   1.186195E+01   -1.561541E+00
   1.187453E+01   -1.640186E+00
   1.188711E+01   -2.069402E+00
   1.189969E+01   -2.013391E+00
   1.191227E+01   -1.263327E+00
   1.192484E+01   -1.094353E+00
   1.193742E+01    9.552041E-02
   1.195000E+01   -2.411510E+00
   1.196258E+01   -1.864099E+00
   1.197516E+01   -1.257894E+00
   1.198774E+01   -7.108788E-01
   1.200032E+01   -3.361520E-01
   1.201290E+01   -1.656127E+00
   1.202548E+01   -1.130925E+00
   1.203805E+01   -7.793842E-01
   1.205063E+01    1.535697E+00
   1.206321E+01   -4.611025E-01
   1.207579E+01   -1.303054E+00
   1.208837E+01   -2.245448E+00
   1.210095E+01   -1.871945E+00
   1.211353E+01   -2.916920E-01
   1.212611E+01   -6.410081E-01
   1.213869E+01   -7.950874E-02
   1.215127E+01   -2.491877E-01
   1.216384E+01    1.305030E+00
   1.217642E+01   -4.197973E-01
   1.218900E+01    4.763560E-01
   1.220158E+01   -6.394557E-01
   1.221416E+01    5.153631E-01
   1.222674E+01   -2.092488E-02
   1.223932E+01    8.137342E-01
   1.225190E+01    9.049334E-01
   1.226448E+01    7.725292E-01
   1.227705E+01    4.099035E-01
   1.228963E+01   -8.427259E-01
   1.230221E+01   -2.182065E+00
   1.231479E+01    8.876452E-01
   1.232737E+01   -1.964052E+00
   1.233995E+01    1.040776E-01
   1.235253E+01   -1.022071E+00
   1.236511E+01    1.047238E+00
   1.237769E+01    9.021115E-02
   1.239027E+01    4.022515E-01
   1.240284E+01    6.561059E-01
   1.241542E+01   -9.735349E-01
   1.242800E+01    4.641120E-01
   1.244058E+01    1.301281E+00
   1.245316E+01    7.562839E-01
   1.246574E+01   -8.443125E-01
   1.247832E+01    1.525923E-01
   1.249090E+01    8.629455E-01
   1.250348E+01    6.426873E-01
   1.251605E+01    1.109863E+00
   1.252863E+01    1.445141E+00
   1.254121E+01    5.891163E-01
   1.255379E+01   -3.110713E-01
   1.256637E+01    6.647076E-02
