# Cepheid data, cleaned up 
# time, Blue, BlueSD, Red, RedSD
205.7931    0.2359    0.0286    0.2853    0.0270
206.8021    0.1545    0.0213    0.2050    0.0215
209.8230   -0.0930    0.0178   -0.0490    0.0181
210.8108   -0.1567    0.0241   -0.0867    0.0218
211.7849   -0.2108    0.0150   -0.1717    0.0148
212.6712   -0.1954    0.0296   -0.1785    0.0255
213.7561   -0.3363    0.0244   -0.2460    0.0215
218.7758    0.0844    0.0206   -0.0366    0.0190
219.8242    0.1792    0.0248    0.0266    0.0202
220.7760    0.2601    0.0273    0.1041    0.0232
226.7787    0.3539    0.0258    0.3848    0.0232
228.7733   -0.0073  -99.0000    0.3152    0.0276
232.6753   -0.1112   -0.0149    0.0111  -99.0000
233.7580   -0.2601    0.0141    0.0111  -99.0000
259.6066   -0.1721    0.0139   -0.0984    0.0151
261.6180   -0.2756    0.0162   -0.2038    0.0162
261.6642   -0.3189   -0.0143   -0.2432    0.0154
261.7043   -0.2742    0.0147   -0.2404    0.0160
261.7801   -0.2921    0.0191   -0.2198    0.0181
262.5851   -0.3107    0.0123   -0.2752    0.0134
264.6492   -0.3350    0.0211   -0.3008    0.0188
265.7041   -0.2216   -0.0148   -0.2719    0.0139
269.7287    0.3403    0.0212    0.1754    0.0191
271.7101    0.4256    0.0254    0.3225    0.0228
272.6892    0.4914    0.0225    0.4171    0.0209
272.6920    0.4805    0.0234    0.4448    0.0223
272.7019    0.5038    0.0252    0.4106    0.0230
272.7082    0.5262    0.0225    0.4106    0.0208
273.7376    0.5403    0.0251    0.4771    0.0234
278.7684    0.2394    0.0260    0.3335    0.0299
278.7747    0.2497    0.0198    0.3250    0.0199
283.5562   -0.3591    0.0209   -0.1905    0.0164
283.6081   -0.3626    0.0172   -0.1838    0.0155
284.5422   -0.4149    0.0176   -0.2705    0.0153
285.4272   -0.4635    0.0106   -0.3463    0.0113
285.5365   -0.5048    0.0115   -0.3763    0.0115
285.6634   -0.5093    0.0106   -0.3763    0.0108
286.5452   -0.5667    0.0097   -0.4507    0.0104
291.7264   -0.3018    0.0172   -0.2812    0.0156
292.5784   -0.1849    0.0280   -0.2111    0.0232
293.6626   -0.0546    0.0169   -0.0934    0.0162
295.6912    0.1749    0.0177    0.1733    0.0170
296.5012    0.2659    0.0195    0.2377    0.0191
297.4770    0.3292    0.0205    0.3274    0.0205
300.6967    0.4710    0.0396    0.4528    0.0347
304.4445    0.2894   -0.0230    0.3225    0.0215
305.4802    0.2257    0.0199    0.2422    0.0192
306.4279    0.1387    0.0210    0.1830    0.0198
306.6630    0.1179    0.0177    0.1765    0.0173
307.4311    0.0627    0.0347    0.1194   -0.0276
308.4151   -0.0317    0.0210    0.0247    0.0189
308.6136   -0.0264    0.0163    0.0014    0.0158
309.7462   -0.0668    0.0178   -0.0331    0.0173
310.4586   -0.1274    0.0166   -0.0876    0.0158
310.6732   -0.1378    0.0154   -0.1124    0.0144
312.5240   -0.1812   -0.0511   -0.2060   -0.0354
314.5944   -0.2245    0.0197   -0.2522    0.0168
315.4567   -0.1879    0.0150   -0.2549    0.0137
316.4889   -0.1346    0.0149   -0.2068    0.0137
316.6468   -0.1202    0.0173   -0.1709    0.0139
318.5465    0.0018    0.0173   -0.0680    0.0156
318.6713    0.0000    0.0178   -0.0214    0.0151
324.5791    0.3452    0.0273    0.3759    0.0262
324.7026    0.4164    0.0270    0.3874    0.0256
325.6285    0.3715    0.0202    0.3912    0.0205
326.4835    0.3804    0.0208    0.3810    0.0208
341.6338   -0.3919    0.0198   -0.3384    0.0168
342.4685   -0.3063    0.0192   -0.2812    0.0161
342.6070   -0.2769    0.0195   -0.2645    0.0160
342.7129   -0.2532    0.0152   -0.2383    0.0136
343.4633   -0.1567    0.0155   -0.1770    0.0142
343.5872   -0.1218    0.0179   -0.1586    0.0150
343.7243   -0.0897    0.0191   -0.1302    0.0155
344.6893    0.0627    0.0223    0.0219    0.0182
344.7082    0.0481    0.0176   -0.0115    0.0152
344.7263    0.0854    0.0177   -0.0023    0.0154
350.7406    0.6398   -0.0333    0.6136   -0.0350
351.5138    0.6444    0.0260    0.6361    0.0252
360.6562   -0.1827    0.0137   -0.1294    0.0142
360.6682   -0.1819    0.0141   -0.1214    0.0147
361.4630   -0.2414    0.0135   -0.1770    0.0142
361.5880   -0.2546   -0.0326   -0.2126   -0.0270
361.5927   -0.2573    0.0274   -0.1920    0.0237
361.5975   -0.2635    0.0234   -0.2075    0.0220
361.6360   -0.2449    0.0154   -0.1845    0.0155
362.4929   -0.2635    0.0127   -0.2162    0.0131
362.6085   -0.2855    0.0110   -0.2390    0.0120
362.6512   -0.2580    0.0128   -0.2263    0.0126
362.7226   -0.2762    0.0133   -0.2453    0.0126
364.4764   -0.3164    0.0111   -0.3021    0.0110
364.6041   -0.3132    0.0115   -0.2806    0.0117
364.6543   -0.2973    0.0111   -0.3117    0.0112
365.4652   -0.2802    0.0142   -0.2911    0.0135
365.6597   -0.2470    0.0126   -0.3129    0.0119
366.5975   -0.1652    0.0170   -0.2611    0.0150
372.5016    0.4243    0.0254    0.3483    0.0226
373.4388    0.4441    0.0217    0.4145    0.0213
373.5526    0.4655    0.0226    0.4028    0.0207
373.6763    0.4805    0.0228    0.4368    0.0216
375.4404    0.4983    0.0226    0.4812    0.0218
375.5504    0.4900    0.0236    0.5255    0.0230
375.6682    0.4914    0.0236    0.4771    0.0222
377.4544    0.4035    0.0228    0.4119    0.0223
377.6339    0.4125    0.0317    0.3900    0.0265
378.4436    0.3378    0.0197    0.3583    0.0200
378.6355    0.3170    0.0208    0.3335    0.0205
379.4413    0.2303    0.0200    0.2912    0.0204
380.4798    0.1251    0.0260    0.1962    0.0243
380.6289    0.0925    0.0178    0.1722    0.0185
381.4331    0.0055    0.0159    0.0980    0.0169
383.4504   -0.2736    0.0122   -0.1516    0.0138
383.6344   -0.3031    0.0146   -0.1694    0.0153
384.4443   -0.3561    0.0154   -0.2570    0.0146
384.6121   -0.4041    0.0117   -0.2712    0.0126
387.5243   -0.0073  -99.0000   -0.5234    0.0088
387.6142   -0.6332    0.0072   -0.5295    0.0079
388.5296   -0.6181    0.0154   -0.5431    0.0149
388.6131   -0.6240    0.0158   -0.5621    0.0143
391.6190   -0.3344    0.0164   -0.3173    0.0148
391.7521   -0.3183    0.0280   -0.3072    0.0226
392.4391   -0.2223    0.0130   -0.2418    0.0127
392.5699   -0.2158    0.0128   -0.2177    0.0124
393.4424   -0.1063    0.0165   -0.1366    0.0159
393.6028   -0.0727    0.0151   -0.0993    0.0143
395.4770    0.2303    0.0185    0.1787    0.0177
395.5958    0.2474    0.0184    0.1973    0.0176
397.5304    0.4777    0.0240    0.4595    0.0225
397.7130    0.5389    0.0244    0.4798    0.0223
398.4433    0.5488    0.0233    0.5059    0.0222
398.5886    0.6278    0.0240    0.5510    0.0225
401.4381    0.5191    0.0271    0.5045    0.0238
401.7566   -0.0073  -99.0000    0.5367    0.0283
402.4698    0.4629    0.0226    0.4880    0.0219
402.5029    0.4887    0.0230    0.4528    0.0219
402.6851    0.4696    0.0246    0.4368    0.0221
406.4399    0.1200    0.0177    0.1604    0.0179
408.4608   -0.0406    0.0189   -0.0446    0.0176
409.4364   -0.1169    0.0168   -0.0909    0.0162
409.5539   -0.1682    0.0437   -0.1157    0.0326
411.4860   -0.2351    0.0121   -0.1928    0.0124
412.5629   -0.2518    0.0147   -0.2376    0.0136
413.6426   -0.2566    0.0183   -0.2786    0.0162
414.4222   -0.2230   -0.0134   -0.2390    0.0127
414.6533   -0.1961    0.0135   -0.2542    0.0121
417.4818    0.0261    0.0172   -0.0740    0.0155
417.6842    0.0337    0.0210   -0.0663    0.0178
418.6203    0.1117    0.0205   -0.0250    0.0174
419.4413    0.2089    0.0191    0.0899    0.0172
420.4388    0.3183    0.0194    0.1918    0.0176
420.5401    0.3366    0.0211    0.1984   -0.0185
421.6039    0.3354    0.0271    0.2759    0.0243
422.4231    0.3983    0.0210    0.3596    0.0205
422.5291    0.4322    0.0216    0.3658    0.0201
423.5797    0.4269   -0.0373    0.3977   -0.0323
424.4889    0.4710    0.0289    0.4743    0.0263
425.4192    0.4602    0.0231    0.4894    0.0230
425.5226    0.4602    0.0225    0.4568    0.0219
426.4189    0.4335    0.0227    0.4703    0.0221
426.5605    0.4243    0.0225    0.4488    0.0229
427.5826    0.3256    0.0236    0.3989    0.0234
428.4154    0.2847    0.0209    0.3521    0.0208
430.5249   -0.0073  -99.0000    0.1308    0.0195
432.6515   -0.1894    0.0206   -0.0393    0.0171
435.4065   -0.4644    0.0112   -0.3242    0.0117
436.4164   -0.5433    0.0093   -0.4125    0.0101
437.3997   -0.5975    0.0085   -0.4930    0.0088
437.5267   -0.5574    0.0797   -0.4280    0.0575
437.6433   -0.5835    0.0129   -0.5145    0.0102
438.4022   -0.6142    0.0078   -0.5073    0.0083
438.5828   -0.6045    0.0100   -0.5131    0.0090
439.4002   -0.5484    0.0098   -0.4482    0.0098
441.4994   -0.2953    0.0126   -0.2759    0.0115
441.6364   -0.2776    0.0142   -0.2651    0.0123
442.4337   -0.1961    0.0131   -0.1724    0.0128
442.6195   -0.1636    0.0136   -0.1785    0.0127
443.5042   -0.0753    0.0160   -0.0876    0.0144
444.3941    0.0510    0.0194    0.0042    0.0174
444.5359    0.0824    0.0193    0.0285    0.0172
445.4512    0.2280    0.0185    0.1657    0.0172
446.4050    0.3268    0.0204    0.3032    0.0192
446.5560    0.3791    0.0208    0.3286    0.0192
451.3908    0.4832    0.0235    0.4921    0.0225
451.5277    0.5150    0.0270    0.4990    0.0259
452.3820    0.4615    0.0245    0.4555    0.0230
452.6425    0.4629    0.0278    0.4474    0.0250
453.4326    0.3753    0.0224    0.4041    0.0211
453.5773    0.3932    0.0241    0.3900    0.0214
454.4226    0.2990    0.0218    0.3116    0.0208
455.6689    0.2717    0.0267    0.2630    0.0225
457.4886    0.0636    0.0173    0.0899    0.0164
459.4380   -0.0761    0.0235   -0.0706    0.0183
460.3781   -0.1879    0.0285   -0.1278    0.0215
460.5019   -0.1567    0.0318   -0.1157    0.0211
461.4197   -0.1636    0.0181   -0.1671    0.0153
462.4048   -0.2049    0.0156   -0.1965    0.0143
463.4119   -0.1946    0.0144   -0.2177    0.0131
463.5302   -0.2108    0.0166   -0.2119    0.0145
464.5320   -0.1582    0.0150   -0.2140    0.0132
469.4035    0.2179    0.0217    0.1277    0.0195
470.3718    0.2800    0.0197    0.1951    0.0180
472.3720    0.3219    0.0215    0.3274    0.0205
473.3751    0.3564    0.0215    0.3658    0.0206
473.4812    0.3627    0.0205    0.3658    0.0201
474.3769    0.3842    0.0208    0.4145    0.0209
474.5043    0.3957    0.0210    0.3977    0.0206
475.3844    0.3893    0.0205    0.4355    0.0212
475.4771    0.3983    0.0215    0.4421    0.0217
476.3645    0.3602    0.0205    0.4289    0.0211
476.4659    0.3690    0.0217    0.4236    0.0219
477.3620    0.3329    0.0211    0.3887    0.0205
477.4651    0.3207    0.0199    0.3823    0.0204
478.3772    0.2451    0.0187    0.3335    0.0197
480.3733    0.0617    0.0173    0.1572    0.0178
480.4746    0.0491    0.0162    0.1690    0.0172
481.5282   -0.0485    0.0159    0.0651    0.0164
483.4546   -0.2802    0.0156   -0.1539    0.0151
483.5582   -0.2907    0.0149   -0.1555    0.0146
484.3706   -0.3737   -0.0105   -0.2390    0.0120
484.5250   -0.3632    0.0138   -0.2390    0.0132
485.3768   -0.4570    0.0114   -0.3304    0.0116
486.4098   -0.5192    0.0157   -0.4087    0.0128
488.4375   -0.5429    0.0240   -0.4400    0.0169
489.3818   -0.4560    0.0114   -0.3961    0.0104
491.3675   -0.2715    0.0143   -0.2508    0.0138
492.5280   -0.1022    0.0182   -0.1539    0.0151
494.3704    0.1005    0.0184    0.0313    0.0168
495.3521   -0.0073  -99.0000    0.1582    0.0194
497.3512    0.4048    0.0229    0.3861    0.0209
499.3788    0.4468    0.0304    0.4703    0.0289
500.3589    0.5011    0.0238    0.4635    0.0226
501.3580    0.4642    0.0226    0.4528    0.0219
502.3934    0.4112    0.0212    0.4236    0.0210
503.3527    0.3207    0.0209    0.3286    0.0200
504.3569    0.2156    0.0192    0.2759    0.0192
504.8163    0.1535    0.0220    0.2331    0.0213
507.3967   -0.0503    0.0249   -0.0060    0.0230
508.4951   -0.1266    0.0249   -0.0655    0.0216
509.4800   -0.1939    0.0217   -0.1366    0.0193
510.4160   -0.2302    0.0133   -0.1732    0.0131
511.3531   -0.2749   -0.0121   -0.2291    0.0122
511.8122   -0.2953    0.0130   -0.2383    0.0120
512.3419   -0.2881    0.0116   -0.2624    0.0117
515.4044   -0.2020    0.0209   -0.2563    0.0161
517.3567    0.1858    0.0329   -0.0014    0.0246
517.7624    0.3403   -0.0330    0.0219    0.0236
518.7710    0.2682   -0.0362    0.1236    0.0252
519.7548   -0.0037   -0.0604    0.1550   -0.0311
520.3519    0.4060    0.0229    0.2445    0.0192
520.7558    0.5502   -0.0347    0.2491    0.0254
521.3458    0.4629    0.0220    0.3213    0.0195
522.3423    0.4521   -0.0597    0.3861   -0.0522
522.7563    1.0820   -0.1411    0.4703   -0.1050
523.3412    0.5290    0.0264    0.4839    0.0241
524.8136    0.5150    0.0270    0.5353    0.0250
527.8278    0.2428   -0.0469    0.3684   -0.0401
528.7570    0.1450   -0.0704    0.3189   -0.0600
529.3408    0.1706    0.0196    0.2665    0.0195
529.7530    0.0985    0.0196    0.2084    0.0191
530.3485    0.0385    0.0164    0.1550    0.0174
531.3421   -0.1721    0.0270    0.0447    0.0290
532.3878   -0.2749    0.0237   -0.1547    0.0202
533.3466   -0.4144    0.0149   -0.3167    0.0148
533.8035   -0.4335    0.0218   -0.3588    0.0209
534.3461   -0.5667    0.0209   -0.4232    0.0213
538.3398   -0.7223   -0.0439   -0.6894   -0.0357
538.7568   -0.6991    0.0237   -0.6140    0.0196
539.3820   -0.6120    0.0120   -0.5617    0.0108
539.7298   -0.5797    0.0214   -0.5181    0.0190
540.3441   -0.4708    0.0111   -0.4472    0.0099
540.7508   -0.4288    0.0128   -0.4016    0.0122
541.3425   -0.3399    0.0134   -0.3298    0.0123
541.7375   -0.3075    0.0181   -0.2878    0.0160
542.3935   -0.1931    0.0199   -0.1800    0.0161
542.7150   -0.1675    0.0238   -0.1524    0.0209
543.4146   -0.1202    0.0788    0.1267    0.0513
544.8323    0.2190    0.0225    0.1466    0.0198
545.8076    0.2930    0.0199    0.3020    0.0196
546.3419    0.3868    0.0291    0.3759    0.0254
546.7535    0.3829    0.0225    0.3823    0.0213
548.7339    0.6550   -0.0472    0.4408    0.0323
549.3392    0.5248    0.0255    0.4921    0.0230
553.3441    0.2894    0.0230    0.3311    0.0223
555.6757    0.1631    0.0236    0.1984    0.0214
556.6965    0.0627    0.0223    0.0879    0.0200
557.3459    0.0111    0.0192    0.0466    0.0181
557.6644   -0.0192    0.0181    0.0181    0.0176
558.3595   -0.0164    0.0281   -0.0419    0.0222
558.8109   -0.0997    0.0146   -0.0402    0.0152
559.7428   -0.1682    0.0251   -0.1009    0.0228
559.8310   -0.1226    0.0162   -0.0968    0.0161
560.6437   -0.1690    0.0328   -0.1640    0.0266
560.7698   -0.1441    0.0163   -0.1398    0.0158
561.3563   -0.1426    0.0153   -0.1366    0.0149
561.7139   -0.1812    0.0202   -0.1793    0.0178
562.3528   -0.1796    0.0151   -0.1686    0.0144
563.3439   -0.1621    0.0159   -0.2205    0.0139
563.7478   -0.1465    0.0223   -0.2212    0.0186
565.3679   -0.0538    0.0192   -0.1724    0.0158
565.6329   -0.0947    0.0196   -0.1778    0.0167
566.6413   -0.0299    0.0179   -0.1254    0.0156
568.8152    0.1117    0.0233    0.0023    0.0197
571.6551    0.2930    0.0217    0.2263    0.0199
571.8237    0.2753    0.0202    0.2286    0.0194
572.6050    0.3428    0.0232    0.2829    0.0203
573.6393    0.3195    0.0243    0.3323    0.0223
573.8315    0.3292    0.0216    0.3372    0.0218
576.6665    0.3465    0.0265    0.2912    0.0223
576.7971    0.2485    0.0198    0.3080    0.0202
577.8331    0.1397   -0.0289    0.2241    0.0266
578.6018   -0.4669   -0.0414    0.1700    0.0262
578.8220    0.0874    0.0194    0.1820    0.0192
578.8316    0.1076    0.0218    0.2039    0.0208
580.6235   -0.0210   -0.0241    0.0476    0.0187
580.8222   -0.0388    0.0171    0.0495    0.0166
581.6221   -0.0719   -0.0195   -0.0115    0.0171
584.8008   -0.4515   -0.0491   -0.3249    0.0379
585.6108   -0.4387    0.0236   -0.3564    0.0189
585.8170   -0.4469    0.0124   -0.3588    0.0122
586.5894   -0.4747    0.0203   -0.4114    0.0173
586.8148   -0.4979    0.0246   -0.4168    0.0210
587.6005   -0.5161    0.0182   -0.4602    0.0158
587.8179   -0.4946    0.0106   -0.4369    0.0111
588.6314   -0.5066    0.0125   -0.4280    0.0116
589.7524   -0.5111   -0.0513   -0.4390   -0.0436
591.7407   -0.2057    0.0272   -0.2263    0.0227
592.5808   -0.0838    0.0284   -0.1578    0.0227
592.7999   -0.0624    0.0217   -0.1173    0.0185
593.5667   -0.0110   -0.0364   -0.0481   -0.0303
593.7986    0.1046    0.0204    0.0294    0.0178
594.5767    0.2123    0.0203    0.1225    0.0178
595.5666    0.2729    0.0213    0.2128    0.0187
595.8057    0.3366    0.0217    0.2252    0.0189
596.5834    0.1978   -0.0662    0.2388   -0.0467
597.6674   -0.0073  -99.0000    0.3201   -0.0930
597.7841    0.4508    0.0243    0.3785    0.0224
597.8022    0.4615    0.0245    0.3964    0.0221
598.5636    0.5531    0.0277    0.4328    0.0240
599.5488    0.4928    0.0243    0.4555    0.0224
600.5507    0.4243    0.0254    0.4541    0.0230
601.5289    0.4296    0.0263    0.4368    0.0227
601.8234    0.3944    0.0227    0.3887    0.0214
602.7496    0.2847    0.0222    0.3140    0.0208
603.7822    0.2348    0.0195    0.2700    0.0191
