   0.000000000E+00   2.177969031E+09
   5.000328576E-04   2.201010414E+09
   1.000032866E-03   2.201692400E+09
   1.500000029E-03   2.201587703E+09
   2.000001391E-03   2.203158741E+09
   2.500003436E-03   2.205640612E+09
   3.000006167E-03   2.208162852E+09
   3.500009588E-03   2.211060391E+09
   4.000013704E-03   2.214399796E+09
   4.500018517E-03   2.224830582E+09
   5.000024033E-03   2.229898276E+09
   5.500030214E-03   2.234869117E+09
   6.000003504E-03   2.239700329E+09
   6.500011025E-03   2.244276312E+09
   7.000019258E-03   2.248499501E+09
   7.500028206E-03   2.252248579E+09
   8.000004350E-03   2.255407415E+09
   8.500014734E-03   2.257863144E+09
   9.000025838E-03   2.259481396E+09
   9.500004144E-03   2.260150688E+09
   1.000001670E-02   2.239050818E+09
   1.050002998E-02   2.246060405E+09
   1.100001047E-02   2.254295641E+09
   1.150002522E-02   2.263902276E+09
   1.200000719E-02   2.271098314E+09
   1.250002342E-02   2.254034823E+09
   1.300000687E-02   2.262749129E+09
   1.350002460E-02   2.273051597E+09
   1.400000957E-02   2.274401843E+09
   1.450002881E-02   2.249697846E+09
   1.500001530E-02   2.258280970E+09
   1.550000255E-02   2.268401591E+09
   1.600002410E-02   2.278687192E+09
   1.650001290E-02   2.280894681E+09
   1.700000238E-02   2.273954909E+09
   1.750002617E-02   2.283544615E+09
   1.800001723E-02   2.294798519E+09
   1.850000908E-02   2.306662261E+09
   1.900000174E-02   2.318582565E+09
   1.950002873E-02   2.294577049E+09
   2.000002300E-02   2.311334924E+09
   2.050001808E-02   2.322104170E+09
   2.100001398E-02   2.335779060E+09
   2.150001069E-02   2.298217416E+09
   2.200000822E-02   2.311137020E+09
   2.250000658E-02   2.317025997E+09
   2.300000577E-02   2.314294665E+09
   2.350000579E-02   2.318865416E+09
   2.400000665E-02   2.331861068E+09
   2.450000836E-02   2.337732202E+09
   2.500001091E-02   2.327235649E+09
   2.550001432E-02   2.338890220E+09
   2.600001858E-02   2.343359630E+09
   2.650002371E-02   2.332735519E+09
   2.700002969E-02   2.348306346E+09
   2.750000303E-02   2.356510090E+09
   2.800001076E-02   2.332982723E+09
   2.850001938E-02   2.340000033E+09
   2.900002888E-02   2.350104795E+09
   2.950000575E-02   2.353012302E+09
   3.000001704E-02   2.358154080E+09
   3.050002919E-02   2.366142126E+09
   3.100000865E-02   2.372345590E+09
   3.150002256E-02   2.382755617E+09
   3.200000386E-02   2.381676657E+09
   3.250001960E-02   2.375280136E+09
   3.300000275E-02   2.379510625E+09
   3.350002035E-02   2.386692133E+09
   3.400000537E-02   2.396545878E+09
   3.450002485E-02   2.385370120E+09
   3.500001176E-02   2.400227317E+09
   3.550003315E-02   2.404692111E+09
   3.600002197E-02   2.410438594E+09
   3.650001175E-02   2.414170571E+09
   3.700000250E-02   2.425006058E+09
   3.750002775E-02   2.422336446E+09
   3.800002045E-02   2.426044403E+09
   3.850001414E-02   2.430103771E+09
   3.900000881E-02   2.432537335E+09
   3.950000447E-02   2.437175564E+09
   4.000000112E-02   2.443830315E+09
   4.050003230E-02   2.446905979E+09
   4.100003096E-02   2.448271626E+09
   4.150003063E-02   2.447582983E+09
   4.200003131E-02   2.468175041E+09
   4.250003301E-02   2.468244347E+09
   4.300000221E-02   2.471267774E+09
   4.350000596E-02   2.481876817E+09
   4.400001075E-02   2.475506362E+09
   4.450001657E-02   2.476452958E+09
   4.500002343E-02   2.485406762E+09
   4.550003134E-02   2.489261796E+09
   4.600000677E-02   2.481716844E+09
   4.650001678E-02   2.498501760E+09
   4.700002785E-02   2.499550415E+09
   4.750000646E-02   2.490465949E+09
   4.800001967E-02   2.505318048E+09
   4.850000037E-02   2.530478204E+09
   4.900001562E-02   2.517088076E+09
   4.950003195E-02   2.525100325E+09
   5.000001584E-02   2.529694133E+09
   5.050000083E-02   2.527311120E+09
   5.100002044E-02   2.538601004E+09
   5.150000762E-02   2.534642631E+09
   5.200002944E-02   2.537980849E+09
   5.250001885E-02   2.551030384E+09
   5.300000937E-02   2.538567538E+09
   5.350000102E-02   2.548233164E+09
   5.400002733E-02   2.557657934E+09
   5.450002124E-02   2.566464765E+09
   5.500001629E-02   2.576554749E+09
   5.550001249E-02   2.578321475E+09
   5.600000983E-02   2.567644754E+09
   5.650000833E-02   2.596051446E+09
   5.700000799E-02   2.571773441E+09
   5.750000882E-02   2.571555994E+09
   5.800001081E-02   2.604238180E+09
   5.850001399E-02   2.576230416E+09
   5.900001834E-02   2.597619522E+09
   5.950002389E-02   2.600900177E+09
   6.000003063E-02   2.600228188E+09
   6.050000505E-02   2.635643838E+09
   6.100001420E-02   2.602267185E+09
   6.150002457E-02   2.631221621E+09
   6.200000263E-02   2.626412202E+09
   6.250001544E-02   2.634119082E+09
   6.300002948E-02   2.637813467E+09
   6.350001123E-02   2.631516056E+09
   6.400002776E-02   2.660346154E+09
   6.450001200E-02   2.663657911E+09
   6.500003104E-02   2.647747211E+09
   6.550001781E-02   2.699296283E+09
   6.600000585E-02   2.688128343E+09
   6.650002868E-02   2.673582368E+09
   6.700001927E-02   2.705365039E+09
   6.750001114E-02   2.681592912E+09
   6.800000430E-02   2.697857636E+09
   6.850003228E-02   2.704781488E+09
   6.900002802E-02   2.707110456E+09
   6.950002508E-02   2.717441534E+09
   7.000002344E-02   2.704036708E+09
   7.050002312E-02   2.725024471E+09
   7.100002412E-02   2.735170816E+09
   7.150002646E-02   2.726894153E+09
   7.200003012E-02   2.769582196E+09
   7.250000160E-02   2.755739539E+09
   7.300000795E-02   2.736149426E+09
   7.350001566E-02   2.762910636E+09
   7.400002464E-02   2.740093420E+09
   7.450000142E-02   2.776416443E+09
   7.500001310E-02   2.781424899E+09
   7.550002616E-02   2.746772468E+09
   7.600000707E-02   2.791503407E+09
   7.650002291E-02   2.783568779E+09
   7.700000661E-02   2.818368547E+09
   7.750002525E-02   2.803384212E+09
   7.800001177E-02   2.785889603E+09
   7.850003324E-02   2.811456076E+09
   7.900002259E-02   2.781007702E+09
   7.950001338E-02   2.817177051E+09
   8.000000560E-02   2.819382764E+09
   8.050003281E-02   2.810060140E+09
   8.100002793E-02   2.840741054E+09
   8.150002452E-02   2.832677511E+09
   8.200002257E-02   2.846533991E+09
   8.250002210E-02   2.876273128E+09
   8.300002312E-02   2.843538780E+09
   8.350002563E-02   2.874524005E+09
   8.400002963E-02   2.866700043E+09
   8.450000162E-02   2.866756532E+09
   8.500000865E-02   2.931876103E+09
   8.550001720E-02   2.900054895E+09
   8.600002727E-02   2.894142382E+09
   8.650000535E-02   2.971298146E+09
   8.700001850E-02   2.932063029E+09
   8.750003320E-02   2.968950827E+09
   8.800001592E-02   2.966291792E+09
   8.850000019E-02   2.942448798E+09
   8.900001956E-02   3.002490191E+09
   8.950000697E-02   2.968583591E+09
   9.000002949E-02   2.967215216E+09
   9.050002005E-02   3.002645876E+09
   9.100001220E-02   2.963887040E+09
   9.150000595E-02   2.982194605E+09
   9.200000131E-02   2.981574011E+09
   9.250003181E-02   3.000213506E+09
   9.300003040E-02   3.016772722E+09
   9.350003061E-02   3.055543167E+09
   9.400003245E-02   2.992265145E+09
   9.450000239E-02   3.026057123E+09
   9.500000751E-02   3.046868519E+09
   9.550001428E-02   2.993464206E+09
   9.600002272E-02   3.041456079E+09
   9.650003282E-02   3.057769196E+09
   9.700001107E-02   3.035547101E+09
   9.750002454E-02   3.092379406E+09
   9.800000617E-02   3.087378183E+09
   9.850002303E-02   3.054367941E+09
   9.900000808E-02   3.102225379E+09
   9.950002837E-02   3.066708682E+09
   1.000000169E-01   3.105484227E+09
   1.005000071E-01   3.090037883E+09
   1.010000326E-01   3.141080990E+09
   1.015000263E-01   3.073823213E+09
   1.020000218E-01   3.155698620E+09
   1.025000191E-01   3.174982903E+09
   1.030000181E-01   3.152406581E+09
   1.035000188E-01   3.212326939E+09
   1.040000213E-01   3.170835538E+09
   1.045000256E-01   3.212664754E+09
   1.050000318E-01   3.221016166E+09
   1.055000062E-01   3.244635911E+09
   1.060000159E-01   3.212637222E+09
   1.065000275E-01   3.215075423E+09
   1.070000074E-01   3.232330461E+09
   1.075000227E-01   3.191468907E+09
   1.080000062E-01   3.268110388E+09
   1.085000252E-01   3.267998808E+09
   1.090000126E-01   3.258971864E+09
   1.095000018E-01   3.293449864E+09
   1.100000264E-01   3.314110510E+09
   1.105000193E-01   3.272622249E+09
   1.110000142E-01   3.299858507E+09
   1.115000110E-01   3.307539709E+09
   1.120000097E-01   3.262799175E+09
   1.125000103E-01   3.317208918E+09
   1.130000129E-01   3.363439103E+09
   1.135000174E-01   3.329624528E+09
   1.140000239E-01   3.326023006E+09
   1.145000324E-01   3.404735629E+09
   1.150000092E-01   3.341857336E+09
   1.155000216E-01   3.335034183E+09
   1.160000025E-01   3.371102376E+09
   1.165000189E-01   3.455615058E+09
   1.170000038E-01   3.418498095E+09
   1.175000243E-01   3.396459849E+09
   1.180000132E-01   3.435266463E+09
   1.185000042E-01   3.498127843E+09
   1.190000307E-01   3.431591795E+09
   1.195000258E-01   3.415982336E+09
   1.200000229E-01   3.474903672E+09
   1.205000222E-01   3.488353264E+09
   1.210000235E-01   3.441124275E+09
   1.215000269E-01   3.428191142E+09
   1.220000325E-01   3.419707909E+09
   1.225000066E-01   3.486755044E+09
   1.230000165E-01   3.494139732E+09
   1.235000285E-01   3.578642480E+09
   1.240000091E-01   3.591385671E+09
   1.245000255E-01   3.571891579E+09
   1.250000106E-01   3.561631519E+09
   1.255000314E-01   3.572111049E+09
   1.260000209E-01   3.608896598E+09
   1.265000125E-01   3.619958806E+09
   1.270000065E-01   3.652734843E+09
   1.275000027E-01   3.622220232E+09
   1.280000011E-01   3.626657847E+09
   1.285000019E-01   3.657628563E+09
   1.290000049E-01   3.727804224E+09
   1.295000102E-01   3.732973554E+09
   1.300000178E-01   3.737497104E+09
   1.305000277E-01   3.675981488E+09
   1.310000064E-01   3.731663922E+09
   1.315000210E-01   3.734433886E+09
   1.320000044E-01   3.772738410E+09
   1.325000237E-01   3.816141278E+09
   1.330000118E-01   3.725008346E+09
   1.335000023E-01   3.772843760E+09
   1.340000288E-01   3.795414618E+09
   1.345000241E-01   3.804858729E+09
   1.350000218E-01   3.795038044E+09
   1.355000219E-01   3.810881276E+09
   1.360000244E-01   3.826614101E+09
   1.365000295E-01   3.851592444E+09
   1.370000034E-01   3.848061857E+09
   1.375000134E-01   3.872230156E+09
   1.380000259E-01   3.912642057E+09
   1.385000074E-01   3.891667569E+09
   1.390000250E-01   3.992935378E+09
   1.395000115E-01   3.972532211E+09
   1.400000007E-01   3.957181909E+09
   1.405000260E-01   4.024154848E+09
   1.410000203E-01   4.048426730E+09
   1.415000172E-01   4.078041143E+09
   1.420000167E-01   4.081648701E+09
   1.425000189E-01   4.034669570E+09
   1.430000237E-01   4.049880676E+09
   1.435000311E-01   4.058551094E+09
   1.440000076E-01   4.030413457E+09
   1.445000204E-01   4.076251056E+09
   1.450000023E-01   4.084089299E+09
   1.455000205E-01   4.063983564E+09
   1.460000079E-01   4.151486165E+09
   1.465000316E-01   4.163119167E+09
   1.470000245E-01   4.146421252E+09
   1.475000201E-01   4.168346557E+09
   1.480000186E-01   4.156181035E+09
   1.485000199E-01   4.137218044E+09
   1.490000239E-01   4.183033147E+09
   1.495000309E-01   4.225239376E+09
   1.500000071E-01   4.285398861E+09
   1.505000197E-01   4.238088683E+09
   1.510000017E-01   4.177442147E+09
   1.515000201E-01   4.270418538E+09
   1.520000078E-01   4.319650722E+09
   1.525000321E-01   4.359502354E+09
   1.530000258E-01   4.292903105E+09
   1.535000224E-01   4.279158110E+09
   1.540000220E-01   4.315950192E+09
   1.545000246E-01   4.429258568E+09
   1.550000302E-01   4.394519189E+09
   1.555000054E-01   4.436383170E+09
   1.560000171E-01   4.476725737E+09
   1.565000319E-01   4.384326983E+09
   1.570000163E-01   4.436594989E+09
   1.575000037E-01   4.523893097E+09
   1.580000279E-01   4.533678033E+09
   1.585000217E-01   4.507758653E+09
   1.590000186E-01   4.514324674E+09
   1.595000187E-01   4.575988542E+09
   1.600000221E-01   4.623095790E+09
   1.605000287E-01   4.615810265E+09
   1.610000049E-01   4.668047105E+09
   1.615000180E-01   4.720701025E+09
   1.620000008E-01   4.673649600E+09
   1.625000204E-01   4.734642436E+09
   1.630000099E-01   4.676113956E+09
   1.635000026E-01   4.696050997E+09
   1.640000323E-01   4.754499488E+09
   1.645000317E-01   4.810987299E+09
   1.650000010E-01   4.803985925E+09
   1.655000073E-01   4.755725717E+09
   1.660000170E-01   4.789250753E+09
   1.665000301E-01   4.898825005E+09
   1.670000131E-01   4.846673940E+09
   1.675000332E-01   4.801599905E+09
   1.680000232E-01   4.903953694E+09
   1.685000168E-01   4.943302452E+09
   1.690000139E-01   4.912289640E+09
   1.695000145E-01   4.864620914E+09
   1.700000188E-01   4.986948977E+09
   1.705000266E-01   5.006691256E+09
   1.710000046E-01   5.009269241E+09
   1.715000199E-01   5.134978395E+09
   1.720000053E-01   5.110234806E+09
   1.725000280E-01   5.071718087E+09
   1.730000209E-01   5.139716886E+09
   1.735000176E-01   5.228977742E+09
   1.740000181E-01   5.090717486E+09
   1.745000224E-01   5.201794620E+09
   1.750000306E-01   5.214660329E+09
   1.755000091E-01   5.276320835E+09
   1.760000251E-01   5.239889607E+09
   1.765000114E-01   5.268714398E+09
   1.770000018E-01   5.360724372E+09
   1.775000297E-01   5.377104030E+09
   1.780000280E-01   5.400921456E+09
   1.785000304E-01   5.417564176E+09
   1.790000033E-01   5.475183528E+09
   1.795000139E-01   5.483728383E+09
   1.800000286E-01   5.507613598E+09
   1.805000139E-01   5.587054296E+09
   1.810000034E-01   5.547150423E+09
   1.815000307E-01   5.584475521E+09
   1.820000286E-01   5.595738425E+09
   1.825000309E-01   5.702286079E+09
   1.830000038E-01   5.690346032E+09
   1.835000147E-01   5.649570838E+09
   1.840000299E-01   5.768637153E+09
   1.845000159E-01   5.836450851E+09
   1.850000063E-01   5.756576201E+09
   1.855000012E-01   5.975214900E+09
   1.860000005E-01   5.858236228E+09
   1.865000044E-01   5.908701780E+09
   1.870000128E-01   5.835944405E+09
   1.875000257E-01   5.963212616E+09
   1.880000098E-01   6.097973146E+09
   1.885000320E-01   6.004590381E+09
   1.890000253E-01   6.032657058E+09
   1.895000234E-01   6.051687299E+09
   1.900000263E-01   6.163319600E+09
   1.905000003E-01   6.080325963E+09
   1.910000128E-01   6.130483068E+09
   1.915000301E-01   6.161249900E+09
   1.920000188E-01   6.378850195E+09
   1.925000124E-01   6.265088183E+09
   1.930000110E-01   6.407237261E+09
   1.935000146E-01   6.290846194E+09
   1.940000232E-01   6.495231276E+09
   1.945000034E-01   6.529983005E+09
   1.950000223E-01   6.433259960E+09
   1.955000129E-01   6.633872971E+09
   1.960000086E-01   6.767087830E+09
   1.965000096E-01   6.551015854E+09
   1.970000159E-01   6.687393306E+09
   1.975000275E-01   6.710555373E+09
   1.980000109E-01   6.825136836E+09
   1.985000333E-01   6.813317461E+09
   1.990000276E-01   6.946046717E+09
   1.995000274E-01   6.747248347E+09
   2.000000327E-01   6.876195342E+09
   2.005000101E-01   6.954715941E+09
   2.010000267E-01   7.108303333E+09
   2.015000153E-01   7.031554319E+09
   2.020000098E-01   7.006751787E+09
   2.025000099E-01   7.126017153E+09
   2.030000159E-01   7.206459700E+09
   2.035000278E-01   7.195014390E+09
   2.040000121E-01   7.391956266E+09
   2.045000023E-01   7.351765969E+09
   2.050000320E-01   7.337343161E+09
   2.055000006E-01   7.589486466E+09
   2.060000090E-01   7.395075070E+09
   2.065000236E-01   7.406631476E+09
   2.070000108E-01   7.633524226E+09
   2.075000043E-01   7.725073830E+09
   2.080000042E-01   7.694808867E+09
   2.085000106E-01   7.763822042E+09
   2.090000234E-01   7.885438724E+09
   2.095000092E-01   8.045972191E+09
   2.100000016E-01   8.006580540E+09
   2.105000006E-01   8.042505168E+09
   2.110000065E-01   8.191124360E+09
   2.115000191E-01   8.222734639E+09
   2.120000050E-01   8.044705248E+09
   2.125000314E-01   8.083487106E+09
   2.130000313E-01   8.369511417E+09
   2.135000046E-01   8.312068144E+09
   2.140000187E-01   8.439566572E+09
   2.145000064E-01   8.479738244E+09
   2.150000015E-01   8.486900477E+09
   2.155000039E-01   8.504906350E+09
   2.160000138E-01   8.590868666E+09
   2.165000312E-01   8.731657692E+09
   2.170000228E-01   8.594489389E+09
   2.175000221E-01   9.368625952E+09
   2.180000293E-01   9.025558164E+09
   2.185000109E-01   9.104225611E+09
   2.190000006E-01   9.369286914E+09
   2.195000319E-01   9.187606604E+09
   2.200000043E-01   9.604640640E+09
   2.205000186E-01   9.598895226E+09
   2.210000076E-01   9.816759691E+09
   2.215000051E-01   9.724943106E+09
   2.220000111E-01   9.538835147E+09
   2.225000257E-01   1.014814053E+10
   2.230000154E-01   9.917808773E+09
   2.235000139E-01   1.007840119E+10
   2.240000213E-01   1.012275014E+10
   2.245000040E-01   1.012104016E+10
   2.250000294E-01   1.050487276E+10
   2.255000303E-01   1.052658220E+10
   2.260000068E-01   1.054323984E+10
   2.265000263E-01   1.089211262E+10
   2.270000216E-01   1.110009460E+10
   2.275000264E-01   1.091198502E+10
   2.280000072E-01   1.126774770E+10
   2.285000313E-01   1.118490248E+10
   2.290000316E-01   1.126485745E+10
   2.295000082E-01   1.158099857E+10
   2.300000285E-01   1.139972831E+10
   2.305000252E-01   1.178795642E+10
   2.310000321E-01   1.181395789E+10
   2.315000157E-01   1.208934810E+10
   2.320000098E-01   1.207149725E+10
   2.325000144E-01   1.238074144E+10
   2.330000296E-01   1.271530816E+10
   2.335000219E-01   1.232749472E+10
   2.340000250E-01   1.250680158E+10
   2.345000055E-01   1.333855981E+10
   2.350000307E-01   1.305102629E+10
   2.355000334E-01   1.311367893E+10
   2.360000138E-01   1.306326211E+10
   2.365000056E-01   1.334347096E+10
   2.370000089E-01   1.345104539E+10
   2.375000239E-01   1.368360719E+10
   2.380000170E-01   1.373674553E+10
   2.385000220E-01   1.397937806E+10
   2.390000054E-01   1.437070910E+10
   2.395000010E-01   1.429727189E+10
   2.400000089E-01   1.459241872E+10
   2.405000292E-01   1.479751444E+10
   2.410000284E-01   1.508128210E+10
   2.415000067E-01   1.528921607E+10
   2.420000314E-01   1.525370280E+10
   2.425000019E-01   1.551518091E+10
   2.430000190E-01   1.595111482E+10
   2.435000157E-01   1.571914294E+10
   2.440000259E-01   1.630996449E+10
   2.445000160E-01   1.641904599E+10
   2.450000198E-01   1.621490974E+10
   2.455000039E-01   1.720787320E+10
   2.460000020E-01   1.696078280E+10
   2.465000143E-01   1.774225338E+10
   2.470000073E-01   1.773270170E+10
   2.475000148E-01   1.807380753E+10
   2.480000033E-01   1.807452123E+10
   2.485000067E-01   1.823270852E+10
   2.490000252E-01   1.893567028E+10
   2.495000252E-01   1.860988538E+10
   2.500000069E-01   1.905100780E+10
   2.505000043E-01   1.908459646E+10
   2.510000174E-01   1.962915652E+10
   2.515000128E-01   2.001366936E+10
   2.520000244E-01   2.055047641E+10
   2.525000187E-01   2.061244068E+10
   2.530000297E-01   2.096763003E+10
   2.535000237E-01   2.068428119E+10
   2.540000012E-01   2.137077935E+10
   2.545000296E-01   2.184936000E+10
   2.550000082E-01   2.212697963E+10
   2.555000046E-01   2.230382329E+10
   2.560000189E-01   2.275222470E+10
   2.565000178E-01   2.302731001E+10
   2.570000016E-01   2.370874235E+10
   2.575000040E-01   2.407422250E+10
   2.580000255E-01   2.377164663E+10
   2.585000326E-01   2.499138791E+10
   2.590000256E-01   2.481563604E+10
   2.595000048E-01   2.596119313E+10
   2.600000041E-01   2.622135122E+10
   2.605000239E-01   2.594206044E+10
   2.610000307E-01   2.654644145E+10
   2.615000249E-01   2.728216425E+10
   2.620000069E-01   2.791438356E+10
   2.625000105E-01   2.819499292E+10
   2.630000027E-01   2.910028037E+10
   2.635000172E-01   2.883129733E+10
   2.640000210E-01   2.924470390E+10
   2.645000142E-01   2.996866577E+10
   2.650000311E-01   3.053930450E+10
   2.655000046E-01   3.093819698E+10
   2.660000025E-01   3.179647879E+10
   2.665000253E-01   3.196372151E+10
   2.670000059E-01   3.310298110E+10
   2.675000123E-01   3.434488341E+10
   2.680000112E-01   3.445838986E+10
   2.685000030E-01   3.524921152E+10
   2.690000219E-01   3.603219004E+10
   2.695000012E-01   3.646424994E+10
   2.700000086E-01   3.774026881E+10
   2.705000110E-01   3.742739449E+10
   2.710000091E-01   3.849364033E+10
   2.715000034E-01   4.008197170E+10
   2.720000282E-01   4.137065425E+10
   2.725000168E-01   4.161423255E+10
   2.730000036E-01   4.279511743E+10
   2.735000229E-01   4.269637048E+10
   2.740000080E-01   4.499773481E+10
   2.745000270E-01   4.623449389E+10
   2.750000133E-01   4.652786660E+10
   2.755000013E-01   4.855090545E+10
   2.760000257E-01   5.023768926E+10
   2.765000197E-01   5.108891038E+10
   2.770000181E-01   5.178150256E+10
   2.775000217E-01   5.352227908E+10
   2.780000315E-01   5.416243932E+10
   2.785000149E-01   5.670240567E+10
   2.790000067E-01   5.686378993E+10
   2.795000079E-01   5.957780766E+10
   2.800000196E-01   6.113510041E+10
   2.805000094E-01   6.369923101E+10
   2.810000122E-01   6.519940970E+10
   2.815000294E-01   6.646447521E+10
   2.820000286E-01   6.973959590E+10
   2.825000112E-01   6.963449751E+10
   2.830000124E-01   7.375631849E+10
   2.835000002E-01   7.539767714E+10
   2.840000100E-01   7.763053649E+10
   2.845000099E-01   8.129068855E+10
   2.850000017E-01   8.405934170E+10
   2.855000213E-01   8.627844982E+10
   2.860000031E-01   9.042772549E+10
   2.865000169E-01   9.403132401E+10
   2.870000314E-01   9.961033497E+10
   2.875000152E-01   1.010631172E+11
   2.880000048E-01   1.064186682E+11
   2.885000032E-01   1.117358020E+11
   2.890000134E-01   1.155012387E+11
   2.895000050E-01   1.233076262E+11
   2.900000152E-01   1.241526145E+11
   2.905000139E-01   1.345453716E+11
   2.910000052E-01   1.402914743E+11
   2.915000274E-01   1.485790202E+11
   2.920000175E-01   1.554102075E+11
   2.925000145E-01   1.627300425E+11
   2.930000242E-01   1.716635351E+11
   2.935000186E-01   1.870363403E+11
   2.940000045E-01   1.959770560E+11
   2.945000231E-01   2.081825028E+11
   2.950000146E-01   2.345831138E+11
   2.955000221E-01   2.460772504E+11
   2.960000215E-01   2.588199854E+11
   2.965000238E-01   2.821061674E+11
   2.970000076E-01   2.957904925E+11
   2.975000208E-01   3.342438870E+11
   2.980000114E-01   3.588012720E+11
   2.985000315E-01   3.822906008E+11
   2.990000001E-01   4.381587361E+11
   2.995000092E-01   4.829742778E+11
   3.000000192E-01   5.514402389E+11
   3.005000298E-01   6.161774128E+11
   3.010000129E-01   7.140429237E+11
   3.015000177E-01   8.196402071E+11
   3.020000023E-01   9.666882798E+11
   3.025000093E-01   1.146911328E+12
   3.030000021E-01   1.422571929E+12
   3.035000113E-01   1.796722203E+12
   3.040000126E-01   2.276079104E+12
   3.045000211E-01   3.153664580E+12
   3.050000281E-01   4.617285215E+12
   3.050123256E-01   4.635903905E+12
   3.050223378E-01   4.678355203E+12
   3.050323509E-01   4.740275980E+12
   3.050423302E-01   4.798511573E+12
   3.050523450E-01   4.843411427E+12
   3.050623261E-01   4.877996683E+12
   3.050723428E-01   4.907066238E+12
   3.050823257E-01   4.936763652E+12
   3.050923442E-01   4.980654737E+12
   3.051023289E-01   5.044013895E+12
   3.051123492E-01   5.105974390E+12
   3.051223358E-01   5.141064073E+12
   3.051323580E-01   5.152032426E+12
   3.051423464E-01   5.164407062E+12
   3.051523359E-01   5.200962378E+12
   3.051623262E-01   5.259892743E+12
   3.051723522E-01   5.319308536E+12
   3.051823445E-01   5.363889557E+12
   3.051923378E-01   5.398799800E+12
   3.052023320E-01   5.435207289E+12
   3.052123273E-01   5.483832158E+12
   3.052223582E-01   5.549860738E+12
   3.052323555E-01   5.620055620E+12
   3.052423537E-01   5.668922149E+12
   3.052523530E-01   5.695720550E+12
   3.052623533E-01   5.732757071E+12
   3.052723546E-01   5.804394030E+12
   3.052823569E-01   5.905766265E+12
   3.052923256E-01   5.996362655E+12
   3.053023301E-01   6.058381444E+12
   3.053123356E-01   6.091731251E+12
   3.053223422E-01   6.112728246E+12
   3.053323499E-01   6.148813258E+12
   3.053423587E-01   6.209890240E+12
   3.053523338E-01   6.287037122E+12
   3.053623448E-01   6.357623012E+12
   3.053723569E-01   6.413032139E+12
   3.053823353E-01   6.472129707E+12
   3.053923497E-01   6.544564398E+12
   3.054023304E-01   6.606296724E+12
   3.054123470E-01   6.632912161E+12
   3.054223301E-01   6.626574064E+12
   3.054323490E-01   6.613786407E+12
   3.054423344E-01   6.633244071E+12
   3.054523557E-01   6.696993834E+12
   3.054623435E-01   6.793571559E+12
   3.054723324E-01   6.896316447E+12
   3.054823574E-01   6.992303650E+12
   3.054923488E-01   7.081860735E+12
   3.055023414E-01   7.170384469E+12
   3.055123352E-01   7.262362930E+12
   3.055223304E-01   7.356155513E+12
   3.055323267E-01   7.443697206E+12
   3.055423592E-01   7.520539526E+12
   3.055523582E-01   7.588234312E+12
   3.055623584E-01   7.656073434E+12
   3.055723600E-01   7.735402938E+12
   3.055823280E-01   7.821675848E+12
   3.055923323E-01   7.902719318E+12
   3.056023378E-01   7.982948558E+12
   3.056123448E-01   8.074699380E+12
   3.056223531E-01   8.169547568E+12
   3.056323279E-01   8.249180177E+12
   3.056423390E-01   8.313231077E+12
   3.056523515E-01   8.379620098E+12
   3.056623305E-01   8.459921746E+12
   3.056723459E-01   8.540783534E+12
   3.056823278E-01   8.605578367E+12
   3.056923461E-01   8.665060110E+12
   3.057023310E-01   8.741423523E+12
   3.057123523E-01   8.840789877E+12
   3.057223401E-01   8.950379218E+12
   3.057323295E-01   9.063899878E+12
   3.057423553E-01   9.189233210E+12
   3.057523478E-01   9.323888197E+12
   3.057623419E-01   9.448611312E+12
   3.057723375E-01   9.562465221E+12
   3.057823347E-01   9.686582359E+12
   3.057923335E-01   9.818613523E+12
   3.058023340E-01   9.929154465E+12
   3.058123362E-01   1.001459594E+13
   3.058223400E-01   1.011024619E+13
   3.058323454E-01   1.023999458E+13
   3.058423526E-01   1.039110637E+13
   3.058523266E-01   1.054207934E+13
   3.058623372E-01   1.069456169E+13
   3.058723496E-01   1.085285765E+13
   3.058823288E-01   1.100037293E+13
   3.058923449E-01   1.110537092E+13
   3.059023277E-01   1.115588011E+13
   3.059123473E-01   1.117749977E+13
   3.059223338E-01   1.123246190E+13
   3.059323573E-01   1.138078495E+13
   3.059423476E-01   1.161687947E+13
   3.059523398E-01   1.183972855E+13
   3.059623340E-01   1.199431376E+13
   3.059723301E-01   1.212508600E+13
   3.059823282E-01   1.228194507E+13
   3.059923284E-01   1.247116790E+13
   3.060023306E-01   1.267821512E+13
   3.060123349E-01   1.288856613E+13
   3.060223413E-01   1.309311953E+13
   3.060323498E-01   1.329383121E+13
   3.060423604E-01   1.349836417E+13
   3.060523381E-01   1.369994625E+13
   3.060623532E-01   1.389031198E+13
   3.060723353E-01   1.407838585E+13
   3.060823549E-01   1.428388435E+13
   3.060923415E-01   1.450309018E+13
   3.061023305E-01   1.473019235E+13
   3.061123571E-01   1.495754049E+13
   3.061223508E-01   1.516198156E+13
   3.061323469E-01   1.534471076E+13
   3.061423455E-01   1.553730528E+13
   3.061523466E-01   1.577000838E+13
   3.061623502E-01   1.604955523E+13
   3.061723563E-01   1.635930673E+13
   3.061823298E-01   1.667052418E+13
   3.061923411E-01   1.697953938E+13
   3.062023551E-01   1.727420297E+13
   3.062123365E-01   1.754740801E+13
   3.062223559E-01   1.781873770E+13
   3.062323428E-01   1.810453725E+13
   3.062423325E-01   1.841420465E+13
   3.062523604E-01   1.875635790E+13
   3.062623558E-01   1.912004313E+13
   3.062723541E-01   1.946029819E+13
   3.062823554E-01   1.980209498E+13
   3.062923597E-01   2.039368251E+13
   3.063023317E-01   2.132159734E+13
   3.063123421E-01   2.204316811E+13
   3.063223556E-01   2.221862006E+13
   3.063323370E-01   2.221351260E+13
   3.063423570E-01   2.243525724E+13
   3.063523448E-01   2.293515406E+13
   3.063623360E-01   2.342135816E+13
   3.063723305E-01   2.388401034E+13
   3.063823284E-01   2.439087635E+13
   3.063923298E-01   2.489823387E+13
   3.064023347E-01   2.539704492E+13
   3.064123432E-01   2.589151007E+13
   3.064223553E-01   2.638472838E+13
   3.064323355E-01   2.681124148E+13
   3.064423550E-01   2.721080345E+13
   3.064523428E-01   2.773828956E+13
   3.064623343E-01   2.835372629E+13
   3.064723298E-01   2.894118823E+13
   3.064823292E-01   2.951775396E+13
   3.064923327E-01   3.010244982E+13
   3.065023396E-01   3.068993606E+13
   3.065123496E-01   3.130244141E+13
   3.065223270E-01   3.195204722E+13
   3.065323430E-01   3.258013970E+13
   3.065423265E-01   3.319305619E+13
   3.065523488E-01   3.379916596E+13
   3.065623386E-01   3.442183185E+13
   3.065723315E-01   3.510776767E+13
   3.065823276E-01   3.583516611E+13
   3.065923269E-01   3.640950924E+13
   3.066023295E-01   3.685774166E+13
   3.066123353E-01   3.749711622E+13
   3.066223444E-01   3.842441484E+13
   3.066323569E-01   3.942147675E+13
   3.066423370E-01   4.045983912E+13
   3.066523562E-01   4.150987463E+13
   3.066623430E-01   4.246202063E+13
   3.066723332E-01   4.342563522E+13
   3.066823268E-01   4.451890704E+13
   3.066923598E-01   4.558819487E+13
   3.067023604E-01   4.655863623E+13
   3.067123287E-01   4.760087032E+13
   3.067223364E-01   4.890246082E+13
   3.067323477E-01   5.033427562E+13
   3.067423267E-01   5.187385214E+13
   3.067523452E-01   5.342793907E+13
   3.067623314E-01   5.486710929E+13
   3.067723572E-01   5.645038614E+13
   3.067823508E-01   5.814880970E+13
   3.067923480E-01   5.994042127E+13
   3.068023490E-01   6.183044683E+13
   3.068123538E-01   6.395905749E+13
   3.068223263E-01   6.632473037E+13
   3.068323386E-01   6.888211077E+13
   3.068423547E-01   7.161264703E+13
   3.068523387E-01   7.408963878E+13
   3.068623264E-01   7.630790202E+13
   3.068723541E-01   7.926019960E+13
   3.068823496E-01   8.304570636E+13
   3.068923490E-01   8.605569557E+13
   3.069023523E-01   8.819523901E+13
   3.069123595E-01   9.142973447E+13
   3.069223345E-01   9.631886874E+13
   3.069323496E-01   1.015846728E+14
   3.069423325E-01   1.068808591E+14
   3.069523556E-01   1.121610549E+14
   3.069623464E-01   1.186878285E+14
   3.069723411E-01   1.253961769E+14
   3.069823399E-01   1.306434038E+14
   3.069923426E-01   1.340496575E+14
   3.070023493E-01   1.369993963E+14
   3.070123601E-01   1.403110491E+14
   3.070223385E-01   1.459275710E+14
   3.070323572E-01   1.533606491E+14
   3.070423435E-01   1.598532790E+14
   3.070523338E-01   1.671855917E+14
   3.070623281E-01   1.797950823E+14
   3.070723263E-01   1.895338931E+14
   3.070823284E-01   1.993715183E+14
   3.070923345E-01   2.093493243E+14
   3.071023445E-01   2.202683316E+14
   3.071123583E-01   2.300122901E+14
   3.071223397E-01   2.391780155E+14
   3.071323613E-01   2.456553395E+14
   3.071423503E-01   2.562631436E+14
   3.071523431E-01   2.642674214E+14
   3.071623397E-01   2.697937811E+14
   3.071723401E-01   2.774622343E+14
   3.071823442E-01   2.857404931E+14
   3.071923520E-01   2.896290724E+14
   3.072023269E-01   2.974270276E+14
   3.072123420E-01   3.044285940E+14
   3.072223608E-01   3.122586600E+14
   3.072323465E-01   3.212795082E+14
   3.072423358E-01   3.279889770E+14
   3.072523286E-01   3.359144946E+14
   3.072623615E-01   3.415499883E+14
   3.072723613E-01   3.511411224E+14
   3.072823278E-01   3.505452600E+14
   3.072923343E-01   3.530675855E+14
   3.073023442E-01   3.649106249E+14
   3.073123573E-01   3.726592160E+14
   3.073223371E-01   3.800059182E+14
   3.073323568E-01   3.871513837E+14
   3.073423429E-01   3.927253033E+14
   3.073523321E-01   3.997621164E+14
   3.073623611E-01   4.054624226E+14
   3.073723564E-01   4.119510918E+14
   3.073823545E-01   4.170267361E+14
   3.073923556E-01   4.231072154E+14
   3.074023595E-01   4.289825312E+14
   3.074123293E-01   4.326959060E+14
   3.074223386E-01   4.384091942E+14
   3.074323504E-01   4.431044457E+14
   3.074423279E-01   4.444521337E+14
   3.074523447E-01   4.494886042E+14
   3.074623271E-01   4.527610596E+14
   3.074723488E-01   4.542940736E+14
   3.074823361E-01   4.568180339E+14
   3.074923259E-01   4.571981932E+14
   3.075023549E-01   4.583617146E+14
   3.075123494E-01   4.567621446E+14
   3.075223463E-01   4.561992938E+14
   3.075323456E-01   4.528919153E+14
   3.075423472E-01   4.387807910E+14
   3.075523511E-01   4.396389421E+14
   3.075623573E-01   4.390484310E+14
   3.075723289E-01   4.357443553E+14
   3.075823397E-01   4.310441341E+14
   3.075923528E-01   4.278742089E+14
   3.076023312E-01   3.922059117E+14
   3.076123487E-01   3.904909470E+14
   3.076223315E-01   4.026748920E+14
   3.076323534E-01   3.994614802E+14
   3.076423406E-01   3.980793728E+14
   3.076523299E-01   3.969490052E+14
   3.076623584E-01   3.945107073E+14
   3.076723520E-01   3.915224608E+14
   3.076823477E-01   3.906468218E+14
   3.076923456E-01   3.869622917E+14
   3.077023455E-01   3.875273611E+14
   3.077123475E-01   3.850664941E+14
   3.077223515E-01   3.854726674E+14
   3.077323576E-01   3.856556909E+14
   3.077423287E-01   3.835417981E+14
   3.077523388E-01   3.856881086E+14
   3.077623510E-01   3.867063704E+14
   3.077723280E-01   3.864523942E+14
   3.077823441E-01   3.862371890E+14
   3.077923622E-01   3.887507043E+14
   3.078023452E-01   3.902116365E+14
   3.078123300E-01   3.903684882E+14
   3.078223539E-01   3.914646580E+14
   3.078323426E-01   3.922796718E+14
   3.078423332E-01   3.930655812E+14
   3.078523256E-01   3.944421141E+14
   3.078623571E-01   3.946584631E+14
   3.078723528E-01   3.947670268E+14
   3.078823477E-01   3.952275836E+14
   3.078923418E-01   3.956691729E+14
   3.079023351E-01   3.926836556E+14
   3.079123277E-01   3.836162670E+14
   3.079223566E-01   3.860798756E+14
   3.079323476E-01   3.862431108E+14
   3.079423381E-01   3.827031370E+14
   3.079523279E-01   3.689742017E+14
   3.079623543E-01   3.682936293E+14
   3.079723430E-01   3.846138462E+14
   3.079823312E-01   3.857177233E+14
   3.079923561E-01   3.844649608E+14
   3.080023435E-01   3.852655851E+14
   3.080123305E-01   3.849643680E+14
   3.080223543E-01   3.842751566E+14
   3.080323406E-01   3.835179880E+14
   3.080423267E-01   3.831498361E+14
   3.080523498E-01   3.840497972E+14
   3.080623355E-01   3.839480477E+14
   3.080723582E-01   3.840394587E+14
   3.080823438E-01   3.840638631E+14
   3.080923292E-01   3.842980118E+14
   3.081023517E-01   3.848006759E+14
   3.081123371E-01   3.855404811E+14
   3.081223594E-01   3.854373963E+14
   3.081323447E-01   3.853408596E+14
   3.081423299E-01   3.863744368E+14
   3.081523522E-01   3.867560021E+14
   3.081623374E-01   3.871840783E+14
   3.081723598E-01   3.873228418E+14
   3.081823450E-01   3.870689087E+14
   3.081923304E-01   3.878032052E+14
   3.082023529E-01   3.878948913E+14
   3.082123384E-01   3.880415828E+14
   3.082223610E-01   3.880265843E+14
   3.082323466E-01   3.881291016E+14
   3.082423323E-01   3.876401492E+14
   3.082523551E-01   3.856662648E+14
   3.082623409E-01   3.853940981E+14
   3.082723266E-01   3.856290499E+14
   3.082823495E-01   3.852759318E+14
   3.082923352E-01   3.835949512E+14
   3.083023581E-01   3.830908608E+14
   3.083123438E-01   3.840222486E+14
   3.083223294E-01   3.869050817E+14
   3.083323521E-01   3.873474612E+14
   3.083423376E-01   3.865182484E+14
   3.083523602E-01   3.859629613E+14
   3.083623456E-01   3.855819010E+14
   3.083723310E-01   3.851749471E+14
   3.083823535E-01   3.846958860E+14
   3.083923388E-01   3.843873539E+14
   3.084023612E-01   3.842858283E+14
   3.084123466E-01   3.843131490E+14
   3.084223320E-01   3.842386975E+14
   3.084323545E-01   3.841154506E+14
   3.084423400E-01   3.840726892E+14
   3.084523256E-01   3.839837319E+14
   3.084623484E-01   3.839083300E+14
   3.084723342E-01   3.838211018E+14
   3.084823573E-01   3.836748263E+14
   3.084923432E-01   3.836606190E+14
   3.085023292E-01   3.835448436E+14
   3.085123523E-01   3.833023386E+14
   3.085223383E-01   3.830224856E+14
   3.085323615E-01   3.831229473E+14
   3.085423476E-01   3.831570682E+14
   3.085523337E-01   3.829974673E+14
   3.085623569E-01   3.828560504E+14
   3.085723431E-01   3.823024822E+14
   3.085823292E-01   3.819280760E+14
   3.085923525E-01   3.818839605E+14
   3.086023386E-01   3.818051764E+14
   3.086123619E-01   3.817539146E+14
   3.086223480E-01   3.818310921E+14
   3.086323341E-01   3.817170701E+14
   3.086423574E-01   3.810634192E+14
   3.086523434E-01   3.813776110E+14
   3.086623295E-01   3.820441111E+14
   3.086723526E-01   3.829754561E+14
   3.086823385E-01   3.834751256E+14
   3.086923616E-01   3.834196323E+14
   3.087023475E-01   3.831629500E+14
   3.087123333E-01   3.826909556E+14
   3.087223563E-01   3.826057655E+14
   3.087323421E-01   3.826643712E+14
   3.087423279E-01   3.824917266E+14
   3.087523507E-01   3.824334216E+14
   3.087623365E-01   3.824591314E+14
   3.087723593E-01   3.822558213E+14
   3.087823451E-01   3.819927153E+14
   3.087923308E-01   3.819907568E+14
   3.088023536E-01   3.819958688E+14
   3.088123394E-01   3.820267771E+14
   3.088223622E-01   3.821142399E+14
   3.088323480E-01   3.820788285E+14
   3.088423337E-01   3.819690713E+14
   3.088523565E-01   3.818656389E+14
   3.088623422E-01   3.817525673E+14
   3.088723280E-01   3.817394765E+14
   3.088823508E-01   3.818018119E+14
   3.088923366E-01   3.818456465E+14
   3.089023595E-01   3.817957106E+14
   3.089123452E-01   3.815762475E+14
   3.089223311E-01   3.814904760E+14
   3.089323540E-01   3.815005009E+14
   3.089423399E-01   3.814885690E+14
   3.089523258E-01   3.815035381E+14
   3.089623488E-01   3.815360005E+14
   3.089723347E-01   3.815147543E+14
   3.089823578E-01   3.814449912E+14
   3.089923439E-01   3.814129445E+14
   3.090023299E-01   3.814959396E+14
   3.090123531E-01   3.816961709E+14
   3.090223392E-01   3.818604631E+14
   3.090323625E-01   3.818846677E+14
   3.090423487E-01   3.818009211E+14
   3.090523349E-01   3.817049317E+14
   3.090623584E-01   3.816935151E+14
   3.090723447E-01   3.817421279E+14
   3.090823311E-01   3.817448685E+14
   3.090923547E-01   3.817150768E+14
   3.091023412E-01   3.816614800E+14
   3.091123278E-01   3.815501539E+14
   3.091223515E-01   3.814737686E+14
   3.091323382E-01   3.815354379E+14
   3.091423621E-01   3.816252567E+14
   3.091523489E-01   3.816663755E+14
   3.091623358E-01   3.816727331E+14
   3.091723598E-01   3.816634094E+14
   3.091823468E-01   3.816617875E+14
   3.091923339E-01   3.816793382E+14
   3.092023581E-01   3.816879225E+14
   3.092123453E-01   3.816863307E+14
   3.092223325E-01   3.816991712E+14
   3.092323568E-01   3.817258822E+14
   3.092423442E-01   3.817357869E+14
   3.092523315E-01   3.817027094E+14
   3.092623561E-01   3.816509423E+14
   3.092723436E-01   3.816444559E+14
   3.092823312E-01   3.816923611E+14
   3.092923559E-01   3.817249085E+14
   3.093023436E-01   3.817164981E+14
   3.093123313E-01   3.817026568E+14
   3.093223563E-01   3.817134549E+14
   3.093323442E-01   3.817375052E+14
   3.093423321E-01   3.817643635E+14
   3.093523573E-01   3.818026823E+14
   3.093623454E-01   3.818506592E+14
   3.093723335E-01   3.818867619E+14
   3.093823589E-01   3.818929393E+14
   3.093923472E-01   3.818702417E+14
   3.094023356E-01   3.818458370E+14
   3.094123612E-01   3.818464432E+14
   3.094223497E-01   3.818660058E+14
   3.094323383E-01   3.818711370E+14
   3.094423270E-01   3.818541492E+14
   3.094523529E-01   3.818244888E+14
   3.094623417E-01   3.817811852E+14
   3.094723306E-01   3.817229329E+14
   3.094823568E-01   3.816633290E+14
   3.094923458E-01   3.816119306E+14
   3.095023350E-01   3.815707457E+14
   3.095123613E-01   3.815436459E+14
   3.095223506E-01   3.815289691E+14
   3.095323400E-01   3.815246028E+14
   3.095423294E-01   3.815436461E+14
   3.095523560E-01   3.815918474E+14
   3.095623456E-01   3.816357983E+14
   3.095723353E-01   3.816472203E+14
   3.095823621E-01   3.816332644E+14
   3.095923519E-01   3.816176535E+14
   3.096023418E-01   3.816137856E+14
   3.096123317E-01   3.816199051E+14
   3.096223589E-01   3.816365849E+14
   3.096323489E-01   3.816562941E+14
   3.096423391E-01   3.816635599E+14
   3.096523293E-01   3.816520683E+14
   3.096623567E-01   3.816341706E+14
   3.096723470E-01   3.816306509E+14
   3.096823374E-01   3.816514268E+14
   3.096923279E-01   3.816847714E+14
   3.097023556E-01   3.817159382E+14
   3.097123462E-01   3.817369134E+14
   3.097223368E-01   3.817435857E+14
   3.097323276E-01   3.817380428E+14
   3.097423555E-01   3.817318246E+14
   3.097523463E-01   3.817333861E+14
   3.097623372E-01   3.817405859E+14
   3.097723282E-01   3.817483283E+14
   3.097823564E-01   3.817512976E+14
   3.097923475E-01   3.817471438E+14
   3.098023387E-01   3.817411026E+14
   3.098123299E-01   3.817340668E+14
   3.098223584E-01   3.817208260E+14
   3.098323497E-01   3.817045653E+14
   3.098423412E-01   3.816998619E+14
   3.098523327E-01   3.817147021E+14
   3.098623614E-01   3.817362248E+14
   3.098723530E-01   3.817474799E+14
   3.098823447E-01   3.817495783E+14
   3.098923365E-01   3.817578234E+14
   3.099023283E-01   3.817830629E+14
   3.099123574E-01   3.818137028E+14
   3.099223494E-01   3.818306300E+14
   3.099323414E-01   3.818322591E+14
   3.099423336E-01   3.818295763E+14
   3.099523257E-01   3.818319723E+14
   3.099623552E-01   3.818352849E+14
   3.099723475E-01   3.818315102E+14
   3.099823399E-01   3.818225016E+14
   3.099923324E-01   3.818133884E+14
   3.100023621E-01   3.818046182E+14
   3.100123547E-01   3.817941380E+14
   3.100223475E-01   3.817821975E+14
   3.100323403E-01   3.817703833E+14
   3.100423331E-01   3.817571522E+14
   3.100523261E-01   3.817382528E+14
   3.100623563E-01   3.817126821E+14
   3.100723494E-01   3.816816026E+14
   3.100823426E-01   3.816355132E+14
   3.100923359E-01   3.815619374E+14
   3.101023292E-01   3.814689860E+14
   3.101123598E-01   3.814035732E+14
   3.101223534E-01   3.813727508E+14
   3.101323470E-01   3.813593683E+14
   3.101423407E-01   3.813312514E+14
   3.101523345E-01   3.812768531E+14
   3.101623283E-01   3.812259365E+14
   3.101723594E-01   3.811971637E+14
   3.101823535E-01   3.811955990E+14
   3.101923476E-01   3.812188505E+14
   3.102023418E-01   3.812479862E+14
   3.102123361E-01   3.812649581E+14
   3.102223306E-01   3.812723954E+14
   3.102323622E-01   3.812781225E+14
   3.102423568E-01   3.812904976E+14
   3.102523515E-01   3.813110766E+14
   3.102623462E-01   3.813381491E+14
   3.102723411E-01   3.813672797E+14
   3.102823361E-01   3.813926020E+14
   3.102923311E-01   3.814141931E+14
   3.103023262E-01   3.814369957E+14
   3.103123586E-01   3.814629035E+14
   3.103223540E-01   3.814895809E+14
   3.103323494E-01   3.815175575E+14
   3.103423450E-01   3.815511839E+14
   3.103523406E-01   3.815928382E+14
   3.103623363E-01   3.816378469E+14
   3.103723321E-01   3.816772973E+14
   3.103823281E-01   3.817087091E+14
   3.103923612E-01   3.817365200E+14
   3.104023573E-01   3.817620020E+14
   3.104123536E-01   3.817838636E+14
   3.104223498E-01   3.818015230E+14
   3.104323462E-01   3.818124814E+14
   3.104423427E-01   3.818136783E+14
   3.104523393E-01   3.818103833E+14
   3.104623360E-01   3.818124061E+14
   3.104723327E-01   3.818235867E+14
   3.104823296E-01   3.818413708E+14
   3.104923265E-01   3.818669955E+14
   3.105023608E-01   3.819026881E+14
   3.105123579E-01   3.819358167E+14
   3.105223551E-01   3.819511127E+14
   3.105323525E-01   3.819543045E+14
   3.105423499E-01   3.819590869E+14
   3.105523474E-01   3.819698526E+14
   3.105623451E-01   3.819795618E+14
   3.105723428E-01   3.819941755E+14
   3.105823406E-01   3.820258764E+14
   3.105923385E-01   3.820678751E+14
   3.106023366E-01   3.821091951E+14
   3.106123347E-01   3.821457087E+14
   3.106223329E-01   3.821694359E+14
   3.106323313E-01   3.821758728E+14
   3.106423297E-01   3.821747520E+14
   3.106523282E-01   3.821916687E+14
   3.106623269E-01   3.822272097E+14
   3.106723256E-01   3.822648164E+14
   3.106823617E-01   3.823150196E+14
   3.106923606E-01   3.823805631E+14
   3.107023597E-01   3.824347047E+14
   3.107123589E-01   3.824701885E+14
   3.107223581E-01   3.824902100E+14
   3.107323575E-01   3.824887863E+14
   3.107423570E-01   3.824787301E+14
   3.107523566E-01   3.824913377E+14
   3.107623563E-01   3.825188528E+14
   3.107723561E-01   3.825328290E+14
   3.107823560E-01   3.825379415E+14
   3.107923561E-01   3.825440872E+14
   3.108023562E-01   3.825537812E+14
   3.108123564E-01   3.825772348E+14
   3.108223568E-01   3.826223286E+14
   3.108323572E-01   3.826863439E+14
   3.108423577E-01   3.827554301E+14
   3.108523584E-01   3.827707542E+14
   3.108623592E-01   3.826863264E+14
   3.108723600E-01   3.825274926E+14
   3.108823610E-01   3.823547602E+14
   3.108923621E-01   3.821984869E+14
   3.109023260E-01   3.820837279E+14
   3.109123273E-01   3.820325869E+14
   3.109223287E-01   3.820512303E+14
   3.109323302E-01   3.820966098E+14
   3.109423318E-01   3.821350619E+14
   3.109523335E-01   3.821616726E+14
   3.109623353E-01   3.821844780E+14
   3.109723372E-01   3.822025342E+14
   3.109823392E-01   3.822147919E+14
   3.109923414E-01   3.822229574E+14
   3.110023436E-01   3.822290860E+14
   3.110123459E-01   3.822337911E+14
   3.110223484E-01   3.822375541E+14
   3.110323510E-01   3.822423207E+14
   3.110423536E-01   3.822416485E+14
   3.110523564E-01   3.822343006E+14
   3.110623593E-01   3.822339751E+14
   3.110723623E-01   3.822503563E+14
   3.110823282E-01   3.822652414E+14
   3.110923314E-01   3.822651665E+14
   3.111023347E-01   3.822524983E+14
   3.111123382E-01   3.822373474E+14
   3.111223417E-01   3.822274845E+14
   3.111323454E-01   3.822335979E+14
   3.111423491E-01   3.822564734E+14
   3.111523530E-01   3.822823045E+14
   3.111623570E-01   3.823055338E+14
   3.111723611E-01   3.823296921E+14
   3.111823281E-01   3.823488234E+14
   3.111923324E-01   3.823564041E+14
   3.112023369E-01   3.823511633E+14
   3.112123414E-01   3.823357067E+14
   3.112223461E-01   3.823144834E+14
   3.112323508E-01   3.822970432E+14
   3.112423557E-01   3.822929640E+14
   3.112523607E-01   3.823039981E+14
   3.112623286E-01   3.823259399E+14
   3.112723338E-01   3.823537755E+14
   3.112823392E-01   3.823817370E+14
   3.112923446E-01   3.824069536E+14
   3.113023502E-01   3.824320111E+14
   3.113123559E-01   3.824622163E+14
   3.113223616E-01   3.824988503E+14
   3.113323304E-01   3.825376201E+14
   3.113423364E-01   3.825713274E+14
   3.113523425E-01   3.825925136E+14
   3.113623487E-01   3.826010304E+14
   3.113723551E-01   3.826025266E+14
   3.113823616E-01   3.826084913E+14
   3.113923310E-01   3.826259039E+14
   3.114023377E-01   3.826532697E+14
   3.114123446E-01   3.826857208E+14
   3.114223516E-01   3.827219865E+14
   3.114323587E-01   3.827591105E+14
   3.114423287E-01   3.827945033E+14
   3.114523361E-01   3.828299692E+14
   3.114623436E-01   3.828643690E+14
   3.114723512E-01   3.828876503E+14
   3.114823590E-01   3.828971281E+14
   3.114923297E-01   3.829074927E+14
   3.115023377E-01   3.829321342E+14
   3.115123458E-01   3.829608802E+14
   3.115223541E-01   3.829841118E+14
   3.115323625E-01   3.830067270E+14
   3.115423339E-01   3.830352977E+14
   3.115523426E-01   3.830676999E+14
   3.115623514E-01   3.830942538E+14
   3.115723603E-01   3.831114168E+14
   3.115823322E-01   3.831286735E+14
   3.115923414E-01   3.831525896E+14
   3.116023508E-01   3.831777628E+14
   3.116123602E-01   3.831965394E+14
   3.116223327E-01   3.832081392E+14
   3.116323424E-01   3.832229387E+14
   3.116423523E-01   3.832503056E+14
   3.116523623E-01   3.832787467E+14
   3.116623353E-01   3.832900743E+14
   3.116723456E-01   3.832927482E+14
   3.116823560E-01   3.833094906E+14
   3.116923294E-01   3.833307960E+14
   3.117023401E-01   3.833385092E+14
   3.117123510E-01   3.833380651E+14
   3.117223620E-01   3.833356344E+14
   3.117323359E-01   3.833295818E+14
   3.117423471E-01   3.833229176E+14
   3.117523585E-01   3.833232259E+14
   3.117623329E-01   3.833248092E+14
   3.117723446E-01   3.833152936E+14
   3.117823564E-01   3.832986730E+14
   3.117923311E-01   3.832899871E+14
   3.118023432E-01   3.832907301E+14
   3.118123555E-01   3.832921596E+14
   3.118223307E-01   3.832943064E+14
   3.118323432E-01   3.833110154E+14
   3.118423559E-01   3.833498962E+14
   3.118523315E-01   3.833946190E+14
   3.118623444E-01   3.834266001E+14
   3.118723575E-01   3.834468645E+14
   3.118823335E-01   3.834700660E+14
   3.118923469E-01   3.835030571E+14
   3.119023604E-01   3.835374482E+14
   3.119123368E-01   3.835630739E+14
   3.119223506E-01   3.835797707E+14
   3.119323273E-01   3.835940563E+14
   3.119423414E-01   3.836101830E+14
   3.119523556E-01   3.836215895E+14
   3.119623328E-01   3.836196271E+14
   3.119723473E-01   3.836099104E+14
   3.119823619E-01   3.836095426E+14
   3.119923394E-01   3.836241204E+14
   3.120023544E-01   3.836430316E+14
   3.120123322E-01   3.836626837E+14
   3.120223474E-01   3.836881670E+14
   3.120323628E-01   3.837142435E+14
   3.120423410E-01   3.837308705E+14
   3.120523566E-01   3.837391829E+14
   3.120623352E-01   3.837481751E+14
   3.120723511E-01   3.837634281E+14
   3.120823299E-01   3.837766804E+14
   3.120923461E-01   3.837824859E+14
   3.121023625E-01   3.837822715E+14
   3.121123417E-01   3.837834084E+14
   3.121223583E-01   3.837932831E+14
   3.121323379E-01   3.838054838E+14
   3.121423548E-01   3.838119003E+14
   3.121523346E-01   3.838176410E+14
   3.121623518E-01   3.838306231E+14
   3.121723319E-01   3.838501576E+14
   3.121823494E-01   3.838773160E+14
   3.121923298E-01   3.839078607E+14
   3.122023476E-01   3.839270523E+14
   3.122123282E-01   3.839343731E+14
   3.122223463E-01   3.839432960E+14
   3.122323273E-01   3.839637903E+14
   3.122423456E-01   3.839931610E+14
   3.122523269E-01   3.840259620E+14
   3.122623455E-01   3.840547428E+14
   3.122723271E-01   3.840762590E+14
   3.122823460E-01   3.840934709E+14
   3.122923278E-01   3.841061199E+14
   3.123023471E-01   3.841157185E+14
   3.123123292E-01   3.841277156E+14
   3.123223487E-01   3.841452649E+14
   3.123323311E-01   3.841675213E+14
   3.123423509E-01   3.841961027E+14
   3.123523337E-01   3.842243467E+14
   3.123623538E-01   3.842395546E+14
   3.123723368E-01   3.842460441E+14
   3.123823572E-01   3.842597905E+14
   3.123923405E-01   3.842860829E+14
   3.124023612E-01   3.843151889E+14
   3.124123448E-01   3.843440542E+14
   3.124223285E-01   3.843702651E+14
   3.124323496E-01   3.843831749E+14
   3.124423337E-01   3.843823879E+14
   3.124523551E-01   3.843873217E+14
   3.124623395E-01   3.844137791E+14
   3.124723612E-01   3.844531474E+14
   3.124823458E-01   3.844903628E+14
   3.124923306E-01   3.845176812E+14
   3.125023528E-01   3.845288945E+14
   3.125123379E-01   3.845285481E+14
   3.125223604E-01   3.845427556E+14
   3.125323458E-01   3.845862308E+14
   3.125423313E-01   3.846343119E+14
   3.125523543E-01   3.846640623E+14
   3.125623401E-01   3.846799270E+14
   3.125723261E-01   3.846902327E+14
   3.125823495E-01   3.846971004E+14
   3.125923358E-01   3.847060470E+14
   3.126023595E-01   3.847134628E+14
   3.126123461E-01   3.847225280E+14
   3.126223329E-01   3.847480296E+14
   3.126323570E-01   3.847762937E+14
   3.126423441E-01   3.847912561E+14
   3.126523313E-01   3.847939861E+14
   3.126623560E-01   3.847845480E+14
   3.126723435E-01   3.847843542E+14
   3.126823312E-01   3.848185683E+14
   3.126923563E-01   3.848649321E+14
   3.127023443E-01   3.848745591E+14
   3.127123324E-01   3.848368962E+14
   3.127223580E-01   3.847902726E+14
   3.127323464E-01   3.847791193E+14
   3.127423350E-01   3.848070201E+14
   3.127523611E-01   3.848206075E+14
   3.127623500E-01   3.847987658E+14
   3.127723391E-01   3.847674318E+14
   3.127823283E-01   3.847690694E+14
   3.127923550E-01   3.848150462E+14
   3.128023445E-01   3.848735709E+14
   3.128123342E-01   3.849058262E+14
   3.128223614E-01   3.849142534E+14
   3.128323514E-01   3.849336438E+14
   3.128423415E-01   3.849881038E+14
   3.128523319E-01   3.850420882E+14
   3.128623596E-01   3.850655418E+14
   3.128723503E-01   3.850723187E+14
   3.128823411E-01   3.850745825E+14
   3.128923320E-01   3.850897206E+14
   3.129023604E-01   3.851326414E+14
   3.129123517E-01   3.851848961E+14
   3.129223431E-01   3.852106691E+14
   3.129323347E-01   3.852110612E+14
   3.129423264E-01   3.852033652E+14
   3.129523556E-01   3.852109331E+14
   3.129623476E-01   3.852532375E+14
   3.129723398E-01   3.853200316E+14
   3.129823322E-01   3.853627774E+14
   3.129923620E-01   3.853599345E+14
   3.130023546E-01   3.853456788E+14
   3.130123475E-01   3.853575284E+14
   3.130223404E-01   3.853963948E+14
   3.130323336E-01   3.854424824E+14
   3.130423269E-01   3.854770984E+14
   3.130523576E-01   3.854856549E+14
   3.130623512E-01   3.854708143E+14
   3.130723450E-01   3.854610984E+14
   3.130823389E-01   3.854822084E+14
   3.130923330E-01   3.855248375E+14
   3.131023272E-01   3.855633279E+14
   3.131123589E-01   3.855797818E+14
   3.131223535E-01   3.855787236E+14
   3.131323482E-01   3.855679624E+14
   3.131423431E-01   3.855665058E+14
   3.131523381E-01   3.855995033E+14
   3.131623333E-01   3.856566656E+14
   3.131723286E-01   3.856965588E+14
   3.131823614E-01   3.857116760E+14
   3.131923571E-01   3.857254863E+14
   3.132023529E-01   3.857385697E+14
   3.132123489E-01   3.857422727E+14
   3.132223450E-01   3.857533048E+14
   3.132323413E-01   3.857878960E+14
   3.132423378E-01   3.858227578E+14
   3.132523344E-01   3.858376335E+14
   3.132623312E-01   3.858409937E+14
   3.132723281E-01   3.858449438E+14
   3.132823625E-01   3.858568169E+14
   3.132923598E-01   3.858789385E+14
   3.133023572E-01   3.859142649E+14
   3.133123548E-01   3.859498213E+14
   3.133223526E-01   3.859617729E+14
   3.133323505E-01   3.859602703E+14
   3.133423486E-01   3.859729802E+14
   3.133523468E-01   3.859930142E+14
   3.133623452E-01   3.860082779E+14
   3.133723438E-01   3.860329489E+14
   3.133823425E-01   3.860519793E+14
   3.133923414E-01   3.860456359E+14
   3.134023404E-01   3.860357646E+14
   3.134123396E-01   3.860514146E+14
   3.134223390E-01   3.860821625E+14
   3.134323385E-01   3.861158499E+14
   3.134423382E-01   3.861576424E+14
   3.134523381E-01   3.861860737E+14
   3.134623381E-01   3.861801370E+14
   3.134723383E-01   3.861592267E+14
   3.134823386E-01   3.861527216E+14
   3.134923391E-01   3.861635135E+14
   3.135023398E-01   3.861919237E+14
   3.135123406E-01   3.862411951E+14
   3.135223416E-01   3.862845708E+14
   3.135323428E-01   3.862967792E+14
   3.135423441E-01   3.862851702E+14
   3.135523456E-01   3.862708923E+14
   3.135623472E-01   3.862737933E+14
   3.135723490E-01   3.863010948E+14
   3.135823510E-01   3.863495465E+14
   3.135923531E-01   3.864021920E+14
   3.136023554E-01   3.864380313E+14
   3.136123578E-01   3.864450431E+14
   3.136223604E-01   3.864345773E+14
   3.136323259E-01   3.864260561E+14
   3.136423288E-01   3.864255760E+14
   3.136523319E-01   3.864397357E+14
   3.136623352E-01   3.864870530E+14
   3.136723386E-01   3.865551796E+14
   3.136823422E-01   3.866166471E+14
   3.136923460E-01   3.866425582E+14
   3.137023499E-01   3.866214515E+14
   3.137123540E-01   3.865728945E+14
   3.137223582E-01   3.865541273E+14
   3.137323626E-01   3.865898122E+14
   3.137423298E-01   3.866451346E+14
   3.137523346E-01   3.867020592E+14
   3.137623395E-01   3.867440605E+14
   3.137723445E-01   3.867436630E+14
   3.137823498E-01   3.867170935E+14
   3.137923552E-01   3.867124817E+14
   3.138023607E-01   3.867406079E+14
   3.138123291E-01   3.867754711E+14
   3.138223350E-01   3.868129325E+14
   3.138323410E-01   3.868530278E+14
   3.138423472E-01   3.868974018E+14
   3.138523536E-01   3.869274552E+14
   3.138623602E-01   3.869160728E+14
   3.138723295E-01   3.868730902E+14
   3.138823364E-01   3.868555584E+14
   3.138923434E-01   3.868964738E+14
   3.139023507E-01   3.869488250E+14
   3.139123580E-01   3.869839309E+14
   3.139223282E-01   3.870362891E+14
   3.139323359E-01   3.871104385E+14
   3.139423438E-01   3.871498708E+14
   3.139523518E-01   3.871271360E+14
   3.139623600E-01   3.870620949E+14
   3.139723311E-01   3.870259105E+14
   3.139823396E-01   3.870741512E+14
   3.139923483E-01   3.871662939E+14
   3.140023572E-01   3.872038098E+14
   3.140123289E-01   3.872125205E+14
   3.140223381E-01   3.872462251E+14
   3.140323475E-01   3.872651462E+14
   3.140423570E-01   3.872306256E+14
   3.140523294E-01   3.871776784E+14
   3.140623392E-01   3.871803884E+14
   3.140723493E-01   3.872655249E+14
   3.140823595E-01   3.873576755E+14
   3.140923325E-01   3.873649010E+14
   3.141023431E-01   3.873189528E+14
   3.141123538E-01   3.873129678E+14
   3.141223273E-01   3.874016738E+14
   3.141323383E-01   3.874564692E+14
   3.141423496E-01   3.874237359E+14
   3.141523609E-01   3.873681834E+14
   3.141623351E-01   3.873823859E+14
   3.141723468E-01   3.874465248E+14
   3.141823587E-01   3.874851197E+14
   3.141923334E-01   3.875004931E+14
   3.142023456E-01   3.875413199E+14
   3.142123580E-01   3.876011416E+14
   3.142223332E-01   3.876227205E+14
   3.142323459E-01   3.875920910E+14
   3.142423588E-01   3.875409658E+14
   3.142523345E-01   3.875396665E+14
   3.142623477E-01   3.876327734E+14
   3.142723611E-01   3.877473646E+14
   3.142823372E-01   3.877539074E+14
   3.142923510E-01   3.877044359E+14
   3.143023275E-01   3.877019994E+14
   3.143123415E-01   3.878454224E+14
   3.143223557E-01   3.879454296E+14
   3.143323327E-01   3.878997374E+14
   3.143423473E-01   3.877634389E+14
   3.143523620E-01   3.876769797E+14
   3.143623395E-01   3.877215101E+14
   3.143723545E-01   3.879901270E+14
   3.143823324E-01   3.880612970E+14
   3.143923478E-01   3.879443348E+14
   3.144023259E-01   3.877939097E+14
   3.144123416E-01   3.877485992E+14
   3.144223575E-01   3.878673122E+14
   3.144323362E-01   3.881605209E+14
   3.144423524E-01   3.882042158E+14
   3.144523314E-01   3.880396637E+14
   3.144623479E-01   3.878449238E+14
   3.144723272E-01   3.877463052E+14
   3.144823441E-01   3.877767896E+14
   3.144923611E-01   3.882458469E+14
   3.145023409E-01   3.884509226E+14
   3.145123583E-01   3.882235410E+14
   3.145223384E-01   3.879560989E+14
   3.145323561E-01   3.878342274E+14
   3.145423366E-01   3.878345048E+14
   3.145523546E-01   3.881869700E+14
   3.145623354E-01   3.885615039E+14
   3.145723537E-01   3.884203167E+14
   3.145823348E-01   3.881313589E+14
   3.145923535E-01   3.879537601E+14
   3.146023349E-01   3.879148810E+14
   3.146123539E-01   3.881837510E+14
   3.146223357E-01   3.886244031E+14
   3.146323550E-01   3.886067158E+14
   3.146423371E-01   3.883361619E+14
   3.146523568E-01   3.881084567E+14
   3.146623392E-01   3.879962833E+14
   3.146723592E-01   3.879912599E+14
   3.146823419E-01   3.882935703E+14
   3.146923622E-01   3.888795124E+14
   3.147023453E-01   3.888070333E+14
   3.147123285E-01   3.884639557E+14
   3.147223493E-01   3.882257631E+14
   3.147323328E-01   3.881213553E+14
   3.147423539E-01   3.881391445E+14
   3.147523378E-01   3.883986295E+14
   3.147623592E-01   3.889332444E+14
   3.147723434E-01   3.889698153E+14
   3.147823278E-01   3.886826172E+14
   3.147923497E-01   3.884193544E+14
   3.148023344E-01   3.882664182E+14
   3.148123566E-01   3.881809031E+14
   3.148223416E-01   3.882115149E+14
   3.148323267E-01   3.887118077E+14
   3.148423494E-01   3.893033726E+14
   3.148523349E-01   3.891353534E+14
   3.148623579E-01   3.887513430E+14
   3.148723437E-01   3.884960379E+14
   3.148823297E-01   3.883457152E+14
   3.148923532E-01   3.882978220E+14
   3.149023395E-01   3.883641600E+14
   3.149123259E-01   3.888200577E+14
   3.149223499E-01   3.894839439E+14
   3.149323366E-01   3.893320337E+14
   3.149423610E-01   3.889093721E+14
   3.149523480E-01   3.886600417E+14
   3.149623353E-01   3.885541963E+14
   3.149723601E-01   3.885231968E+14
   3.149823476E-01   3.885423767E+14
   3.149923353E-01   3.886242692E+14
   3.150023606E-01   3.890325454E+14
   3.150123486E-01   3.895542329E+14
   3.150223368E-01   3.894337372E+14
   3.150323625E-01   3.890826769E+14
   3.150423510E-01   3.888657781E+14
   3.150523397E-01   3.887464304E+14
   3.150623285E-01   3.886669325E+14
   3.150723548E-01   3.886393716E+14
   3.150823439E-01   3.886712551E+14
   3.150923332E-01   3.888113524E+14
   3.151023600E-01   3.893820807E+14
   3.151123496E-01   3.898267008E+14
   3.151223393E-01   3.896442054E+14
   3.151323292E-01   3.892348166E+14
   3.151423567E-01   3.889644527E+14
   3.151523469E-01   3.888269410E+14
   3.151623372E-01   3.888127437E+14
   3.151723277E-01   3.889289205E+14
   3.151823557E-01   3.890825342E+14
   3.151923465E-01   3.891599273E+14
   3.152023375E-01   3.891954849E+14
   3.152123286E-01   3.893241518E+14
   3.152223572E-01   3.897941673E+14
   3.152323486E-01   3.898478316E+14
   3.152423402E-01   3.895624330E+14
   3.152523319E-01   3.892756158E+14
   3.152623612E-01   3.891671545E+14
   3.152723532E-01   3.891464314E+14
   3.152823453E-01   3.891593579E+14
   3.152923376E-01   3.892280107E+14
   3.153023301E-01   3.893764304E+14
   3.153123601E-01   3.894404416E+14
   3.153223528E-01   3.894276840E+14
   3.153323457E-01   3.894390751E+14
   3.153423387E-01   3.894725059E+14
   3.153523319E-01   3.894868583E+14
   3.153623626E-01   3.895034834E+14
   3.153723561E-01   3.895393851E+14
   3.153823497E-01   3.897144190E+14
   3.153923435E-01   3.901224800E+14
   3.154023374E-01   3.901279322E+14
   3.154123314E-01   3.899011801E+14
   3.154223630E-01   3.896180175E+14
   3.154323573E-01   3.894597240E+14
   3.154423518E-01   3.894195873E+14
   3.154523464E-01   3.894453852E+14
   3.154623412E-01   3.894557229E+14
   3.154723361E-01   3.894384513E+14
   3.154823311E-01   3.894755895E+14
   3.154923263E-01   3.896287639E+14
   3.155023590E-01   3.898244452E+14
   3.155123545E-01   3.898264290E+14
   3.155223501E-01   3.897724841E+14
   3.155323458E-01   3.897714539E+14
   3.155423417E-01   3.897676887E+14
   3.155523377E-01   3.897365231E+14
   3.155623339E-01   3.897708486E+14
   3.155723302E-01   3.898305548E+14
   3.155823266E-01   3.898066543E+14
   3.155923606E-01   3.897328983E+14
   3.156023574E-01   3.897059676E+14
   3.156123542E-01   3.897204836E+14
   3.156223512E-01   3.897287261E+14
   3.156323483E-01   3.897214798E+14
   3.156423456E-01   3.897131620E+14
   3.156523430E-01   3.897015793E+14
   3.156623406E-01   3.897073488E+14
   3.156723383E-01   3.898053938E+14
   3.156823361E-01   3.901545317E+14
   3.156923340E-01   3.903808813E+14
   3.157023321E-01   3.902718368E+14
   3.157123304E-01   3.901366476E+14
   3.157223287E-01   3.900619577E+14
   3.157323272E-01   3.900039299E+14
   3.157423258E-01   3.899336918E+14
   3.157523620E-01   3.898465576E+14
   3.157623609E-01   3.897541991E+14
   3.157723600E-01   3.897027679E+14
   3.157823591E-01   3.897423057E+14
   3.157923584E-01   3.898618926E+14
   3.158023579E-01   3.900573369E+14
   3.158123574E-01   3.901757940E+14
   3.158223571E-01   3.902001056E+14
   3.158323569E-01   3.901879209E+14
   3.158423569E-01   3.901743075E+14
   3.158523570E-01   3.901760428E+14
   3.158623572E-01   3.901601552E+14
   3.158723576E-01   3.901372933E+14
   3.158823581E-01   3.901290250E+14
   3.158923587E-01   3.901287731E+14
   3.159023594E-01   3.901290600E+14
   3.159123603E-01   3.901460464E+14
   3.159223613E-01   3.901858431E+14
   3.159323625E-01   3.902125899E+14
   3.159423263E-01   3.902157438E+14
   3.159523277E-01   3.902153944E+14
   3.159623292E-01   3.902316188E+14
   3.159723309E-01   3.902576016E+14
   3.159823327E-01   3.902720964E+14
   3.159923346E-01   3.902716948E+14
   3.160023367E-01   3.902744197E+14
   3.160123389E-01   3.902935108E+14
   3.160223412E-01   3.903148829E+14
   3.160323437E-01   3.903352053E+14
   3.160423462E-01   3.903708544E+14
   3.160523489E-01   3.904441817E+14
   3.160623518E-01   3.906097683E+14
   3.160723548E-01   3.906666257E+14
   3.160823578E-01   3.906294990E+14
   3.160923611E-01   3.905409529E+14
   3.161023270E-01   3.904872792E+14
   3.161123304E-01   3.904765952E+14
   3.161223340E-01   3.904761354E+14
   3.161323378E-01   3.904932319E+14
   3.161423416E-01   3.905384414E+14
   3.161523456E-01   3.905739507E+14
   3.161623497E-01   3.905834075E+14
   3.161723539E-01   3.905803946E+14
   3.161823583E-01   3.905826182E+14
   3.161923627E-01   3.905875985E+14
   3.162023298E-01   3.905860449E+14
   3.162123345E-01   3.905811240E+14
   3.162223394E-01   3.905852272E+14
   3.162323443E-01   3.905991310E+14
   3.162423494E-01   3.906155095E+14
   3.162523546E-01   3.906288660E+14
   3.162623599E-01   3.906325815E+14
   3.162723279E-01   3.906215872E+14
   3.162823334E-01   3.906022268E+14
   3.162923391E-01   3.905902656E+14
   3.163023449E-01   3.906098399E+14
   3.163123508E-01   3.908611190E+14
   3.163223568E-01   3.911618318E+14
   3.163323629E-01   3.911012773E+14
   3.163423317E-01   3.909849384E+14
   3.163523381E-01   3.909016325E+14
   3.163623446E-01   3.908883162E+14
   3.163723511E-01   3.909019384E+14
   3.163823578E-01   3.908891982E+14
   3.163923272E-01   3.908704847E+14
   3.164023341E-01   3.908536128E+14
   3.164123411E-01   3.908358295E+14
   3.164223483E-01   3.908197571E+14
   3.164323555E-01   3.908282977E+14
   3.164423629E-01   3.909047996E+14
   3.164523329E-01   3.911342311E+14
   3.164623404E-01   3.912002151E+14
   3.164723481E-01   3.911092335E+14
   3.164823559E-01   3.909284045E+14
   3.164923263E-01   3.908192756E+14
   3.165023343E-01   3.907899114E+14
   3.165123424E-01   3.908970013E+14
   3.165223506E-01   3.911316991E+14
   3.165323590E-01   3.912167736E+14
   3.165423299E-01   3.911347689E+14
   3.165523384E-01   3.910107524E+14
   3.165623470E-01   3.909483783E+14
   3.165723557E-01   3.909001874E+14
   3.165823270E-01   3.908578488E+14
   3.165923359E-01   3.908589354E+14
   3.166023449E-01   3.909498223E+14
   3.166123540E-01   3.911235177E+14
   3.166223258E-01   3.912231932E+14
   3.166323350E-01   3.911848570E+14
   3.166423444E-01   3.910601937E+14
   3.166523539E-01   3.909870551E+14
   3.166623260E-01   3.910313412E+14
   3.166723357E-01   3.911802433E+14
   3.166823455E-01   3.912805782E+14
   3.166923554E-01   3.912518189E+14
   3.167023278E-01   3.911395126E+14
   3.167123379E-01   3.910477119E+14
   3.167223481E-01   3.909832970E+14
   3.167323583E-01   3.909454992E+14
   3.167423312E-01   3.909635326E+14
   3.167523416E-01   3.910733831E+14
   3.167623521E-01   3.912666641E+14
   3.167723627E-01   3.913428766E+14
   3.167823360E-01   3.912769053E+14
   3.167923468E-01   3.911355211E+14
   3.168023577E-01   3.910559010E+14
   3.168123311E-01   3.910698013E+14
   3.168223422E-01   3.911778078E+14
   3.168323534E-01   3.912725938E+14
   3.168423271E-01   3.912743960E+14
   3.168523384E-01   3.912235630E+14
   3.168623498E-01   3.911819389E+14
   3.168723613E-01   3.911698175E+14
   3.168823354E-01   3.911622031E+14
   3.168923471E-01   3.911421250E+14
   3.169023588E-01   3.911147275E+14
   3.169123332E-01   3.910982670E+14
   3.169223451E-01   3.911165580E+14
   3.169323571E-01   3.911954743E+14
   3.169423317E-01   3.913453697E+14
   3.169523439E-01   3.914860701E+14
   3.169623561E-01   3.914957789E+14
   3.169723310E-01   3.913722522E+14
   3.169823434E-01   3.912059185E+14
   3.169923559E-01   3.910874767E+14
   3.170023310E-01   3.910557475E+14
   3.170123437E-01   3.911528831E+14
   3.170223564E-01   3.913445528E+14
   3.170323317E-01   3.914848488E+14
   3.170423446E-01   3.914934923E+14
   3.170523576E-01   3.914167794E+14
   3.170623332E-01   3.913367204E+14
   3.170723464E-01   3.913086918E+14
   3.170823596E-01   3.913236736E+14
   3.170923354E-01   3.913449680E+14
   3.171023488E-01   3.913601747E+14
   3.171123623E-01   3.913567449E+14
   3.171223383E-01   3.913303404E+14
   3.171323519E-01   3.913064357E+14
   3.171423281E-01   3.913475241E+14
   3.171523419E-01   3.915111762E+14
   3.171623558E-01   3.916705944E+14
   3.171723322E-01   3.916729429E+14
   3.171823462E-01   3.915550560E+14
   3.171923603E-01   3.914261021E+14
   3.172023369E-01   3.913613616E+14
   3.172123512E-01   3.914063993E+14
   3.172223280E-01   3.915391494E+14
   3.172323424E-01   3.916494748E+14
   3.172423568E-01   3.916444176E+14
   3.172523338E-01   3.915661107E+14
   3.172623484E-01   3.914994914E+14
   3.172723256E-01   3.914697243E+14
   3.172823404E-01   3.914421933E+14
   3.172923552E-01   3.914103773E+14
   3.173023326E-01   3.913991995E+14
   3.173123475E-01   3.914367019E+14
   3.173223626E-01   3.915417045E+14
   3.173323402E-01   3.916763420E+14
   3.173423554E-01   3.917343244E+14
   3.173523331E-01   3.916804498E+14
   3.173623484E-01   3.915518950E+14
   3.173723263E-01   3.914555837E+14
   3.173823418E-01   3.914220709E+14
   3.173923573E-01   3.914887778E+14
   3.174023354E-01   3.916121810E+14
   3.174123510E-01   3.916896571E+14
   3.174223292E-01   3.916840217E+14
   3.174323450E-01   3.916375124E+14
   3.174423609E-01   3.916039892E+14
   3.174523393E-01   3.915942324E+14
   3.179523492E-01   3.917909410E+14
   3.184523371E-01   3.918924812E+14
   3.189523627E-01   3.919446070E+14
   3.194523511E-01   3.922262181E+14
   3.199523505E-01   3.924630315E+14
   3.204523382E-01   3.927763841E+14
   3.209523554E-01   3.930115263E+14
   3.214523571E-01   3.932008534E+14
   3.219523300E-01   3.933964882E+14
   3.224523413E-01   3.935562230E+14
   3.229523398E-01   3.936135636E+14
   3.234523611E-01   3.938179504E+14
   3.239523531E-01   3.939699803E+14
   3.244523263E-01   3.942621665E+14
   3.249523526E-01   3.943250617E+14
   3.254523547E-01   3.945738189E+14
   3.259523342E-01   3.948084268E+14
   3.264523324E-01   3.950334084E+14
   3.269523525E-01   3.953022039E+14
   3.274523607E-01   3.956326151E+14
   3.279523262E-01   3.961455139E+14
   3.284523335E-01   3.961965083E+14
   3.289523386E-01   3.964140431E+14
   3.294523591E-01   3.967809261E+14
   3.299523273E-01   3.969503302E+14
   3.304523616E-01   3.971400046E+14
   3.309523491E-01   3.974537286E+14
   3.314523397E-01   3.978579330E+14
   3.319523491E-01   3.981696287E+14
   3.324523491E-01   3.985928800E+14
   3.329523424E-01   3.989877628E+14
   3.334523607E-01   3.993015115E+14
   3.339523524E-01   3.995689911E+14
   3.344523418E-01   3.998766984E+14
   3.349523599E-01   4.002805547E+14
   3.354523307E-01   4.002663306E+14
   3.359523397E-01   4.007110188E+14
   3.364523627E-01   4.013349351E+14
   3.369523328E-01   4.013423090E+14
   3.374523620E-01   4.017946248E+14
   3.379523303E-01   4.020974336E+14
   3.384523458E-01   4.024376860E+14
   3.389523294E-01   4.027251701E+14
   3.394523579E-01   4.030641400E+14
   3.399523567E-01   4.034830968E+14
   3.404523289E-01   4.036816734E+14
   3.409523531E-01   4.039357839E+14
   3.414523581E-01   4.043821951E+14
   3.419523483E-01   4.046531936E+14
   3.424523624E-01   4.050515544E+14
   3.429523608E-01   4.054054866E+14
   3.434523413E-01   4.057473531E+14
   3.439523388E-01   4.060949714E+14
   3.444523514E-01   4.064137280E+14
   3.449523411E-01   4.067078653E+14
   3.454523507E-01   4.071434210E+14
   3.459523479E-01   4.074993035E+14
   3.464523342E-01   4.079148551E+14
   3.469523467E-01   4.081295315E+14
   3.474523453E-01   4.085142499E+14
   3.479523291E-01   4.088607537E+14
   3.484523356E-01   4.091806048E+14
   3.489523273E-01   4.095459668E+14
   3.494523427E-01   4.098518610E+14
   3.499523455E-01   4.101613990E+14
   3.504523400E-01   4.105947413E+14
   3.509523298E-01   4.109533005E+14
   3.514523560E-01   4.112629698E+14
   3.519523429E-01   4.117179801E+14
   3.524523268E-01   4.120438627E+14
   3.529523413E-01   4.124249070E+14
   3.534523491E-01   4.127548630E+14
   3.539523525E-01   4.130680851E+14
   3.544523543E-01   4.134773190E+14
   3.549523597E-01   4.138975750E+14
   3.554523357E-01   4.142445532E+14
   3.559523616E-01   4.146753699E+14
   3.564523589E-01   4.150420147E+14
   3.569523284E-01   4.154419628E+14
   3.574523456E-01   4.158099410E+14
   3.579523343E-01   4.161898698E+14
   3.584523325E-01   4.166035227E+14
   3.589523396E-01   4.169610186E+14
   3.594523568E-01   4.173370321E+14
   3.599523497E-01   4.177531794E+14
   3.604523586E-01   4.181366109E+14
   3.609523452E-01   4.185456856E+14
   3.614523484E-01   4.189388661E+14
   3.619523258E-01   4.193097327E+14
   3.624523544E-01   4.197116345E+14
   3.629523557E-01   4.200784873E+14
   3.634523290E-01   4.204334140E+14
   3.639523532E-01   4.207799444E+14
   3.644523533E-01   4.212118535E+14
   3.649523319E-01   4.216454732E+14
   3.654523636E-01   4.220156186E+14
   3.659523319E-01   4.223893058E+14
   3.664523529E-01   4.227606205E+14
   3.669523474E-01   4.231581118E+14
   3.674523521E-01   4.235377198E+14
   3.679523300E-01   4.239240112E+14
   3.684523581E-01   4.243073008E+14
   3.689523614E-01   4.247000516E+14
   3.694523437E-01   4.250998155E+14
   3.699523422E-01   4.254899089E+14
   3.704523597E-01   4.258737511E+14
   3.709523580E-01   4.262715758E+14
   3.714523388E-01   4.266692795E+14
   3.719523439E-01   4.270704934E+14
   3.724523350E-01   4.274761641E+14
   3.729523502E-01   4.278807112E+14
   3.734523516E-01   4.282779099E+14
   3.739523377E-01   4.286698456E+14
   3.744523471E-01   4.290702814E+14
   3.749523413E-01   4.294951220E+14
   3.754523574E-01   4.298862285E+14
   3.759523575E-01   4.303136301E+14
   3.764523395E-01   4.307230692E+14
   3.769523416E-01   4.311373075E+14
   3.774523642E-01   4.315383177E+14
   3.779523312E-01   4.319482754E+14
   3.784523627E-01   4.323818635E+14
   3.789523410E-01   4.327934270E+14
   3.794523428E-01   4.331992040E+14
   3.799523274E-01   4.336049497E+14
   3.804523336E-01   4.340322622E+14
   3.809523624E-01   4.344510956E+14
   3.814523356E-01   4.348739425E+14
   3.819523330E-01   4.353008988E+14
   3.824523566E-01   4.357128232E+14
   3.829523649E-01   4.361165199E+14
   3.834523570E-01   4.365526904E+14
   3.839523330E-01   4.369806070E+14
   3.844523315E-01   4.373962613E+14
   3.849523519E-01   4.378072849E+14
   3.854523569E-01   4.382451532E+14
   3.859523478E-01   4.386766332E+14
   3.864523624E-01   4.391091223E+14
   3.869523602E-01   4.395280774E+14
   3.874523409E-01   4.399747699E+14
   3.879523445E-01   4.404009821E+14
   3.884523280E-01   4.408139134E+14
   3.889523314E-01   4.412507546E+14
   3.894523557E-01   4.416747945E+14
   3.899523609E-01   4.421001179E+14
   3.904523470E-01   4.425264624E+14
   3.909523548E-01   4.429747381E+14
   3.914523427E-01   4.434101736E+14
   3.919523486E-01   4.438414957E+14
   3.924523325E-01   4.442772297E+14
   3.929523341E-01   4.447248796E+14
   3.934523522E-01   4.451485391E+14
   3.939523472E-01   4.455807649E+14
   3.944523580E-01   4.460174227E+14
   3.949523440E-01   4.464716022E+14
   3.954523455E-01   4.469014618E+14
   3.959523605E-01   4.473409962E+14
   3.964523513E-01   4.477725620E+14
   3.969523573E-01   4.481989792E+14
   3.974523384E-01   4.486544326E+14
   3.979523335E-01   4.490819432E+14
   3.984523432E-01   4.495489586E+14
   3.989523640E-01   4.499737706E+14
   3.994523568E-01   4.504235656E+14
   3.999523612E-01   4.508612671E+14
   4.004523366E-01   4.513157190E+14
   4.009523619E-01   4.517384870E+14
   4.014523573E-01   4.522131238E+14
   4.019523598E-01   4.526506512E+14
   4.024523291E-01   4.530887833E+14
   4.029523439E-01   4.535350275E+14
   4.034523638E-01   4.539962160E+14
   4.039523487E-01   4.544415429E+14
   4.044523360E-01   4.548723081E+14
   4.049523650E-01   4.553168498E+14
   4.054523543E-01   4.557621799E+14
   4.059523445E-01   4.562224506E+14
   4.064523332E-01   4.567050673E+14
   4.069523595E-01   4.571599440E+14
   4.074523413E-01   4.576065856E+14
   4.079523588E-01   4.580716855E+14
   4.084523310E-01   4.585137496E+14
   4.089523369E-01   4.589951418E+14
   4.094523357E-01   4.594498889E+14
   4.099523275E-01   4.599307932E+14
   4.104523506E-01   4.603919811E+14
   4.109523642E-01   4.608439664E+14
   4.114523292E-01   4.613292505E+14
   4.119523260E-01   4.617806792E+14
   4.124523537E-01   4.622311972E+14
   4.129523324E-01   4.627149704E+14
   4.134523417E-01   4.631620466E+14
   4.139523410E-01   4.636199112E+14
   4.144523322E-01   4.641082129E+14
   4.149523557E-01   4.645860676E+14
   4.154523297E-01   4.650329749E+14
   4.159523349E-01   4.655060795E+14
   4.164523301E-01   4.659753332E+14
   4.169523553E-01   4.664419564E+14
   4.174523313E-01   4.669271555E+14
   4.179523383E-01   4.673752649E+14
   4.184523341E-01   4.678378578E+14
   4.189523595E-01   4.683251658E+14
   4.194523330E-01   4.687704230E+14
   4.199523355E-01   4.692275880E+14
   4.204523276E-01   4.696754085E+14
   4.209523487E-01   4.701692826E+14
   4.214523582E-01   4.706400601E+14
   4.219523552E-01   4.710841327E+14
   4.224523401E-01   4.715748077E+14
   4.229523533E-01   4.720225575E+14
   4.234523547E-01   4.724481907E+14
   4.239523434E-01   4.729871099E+14
   4.244523593E-01   4.734844030E+14
   4.249523607E-01   4.739691920E+14
   4.254523472E-01   4.743704884E+14
   4.259523597E-01   4.747868219E+14
   4.264523574E-01   4.753144406E+14
   4.269523396E-01   4.758327006E+14
   4.274523461E-01   4.762689964E+14
   4.279523355E-01   4.767144536E+14
   4.284523486E-01   4.771468779E+14
   4.289523443E-01   4.776559924E+14
   4.294523634E-01   4.781572995E+14
   4.299523647E-01   4.786072845E+14
   4.304523472E-01   4.790715178E+14
   4.309523509E-01   4.794946401E+14
   4.314523345E-01   4.800220129E+14
   4.319523387E-01   4.804994535E+14
   4.324523635E-01   4.809642937E+14
   4.329523263E-01   4.813968700E+14
   4.334523496E-01   4.818370488E+14
   4.339523512E-01   4.823603000E+14
   4.344523305E-01   4.828530638E+14
   4.349523282E-01   4.833200882E+14
   4.354523440E-01   4.837486413E+14
   4.359523366E-01   4.841912621E+14
   4.364523463E-01   4.847162359E+14
   4.369523318E-01   4.852088234E+14
   4.374523334E-01   4.856623448E+14
   4.379523504E-01   4.861216957E+14
   4.384523408E-01   4.866263080E+14
   4.389523453E-01   4.871299022E+14
   4.394523637E-01   4.875062551E+14
   4.399523539E-01   4.880361420E+14
   4.404523562E-01   4.884757600E+14
   4.409523286E-01   4.889011718E+14
   4.414523535E-01   4.894086318E+14
   4.419523470E-01   4.898670946E+14
   4.424523500E-01   4.902871008E+14
   4.429523620E-01   4.908162933E+14
   4.434523416E-01   4.913123026E+14
   4.439523296E-01   4.917677090E+14
   4.444523666E-01   4.922390878E+14
   4.449523283E-01   4.926436513E+14
   4.454523378E-01   4.930781456E+14
   4.459523528E-01   4.935666042E+14
   4.464523315E-01   4.940702270E+14
   4.469523558E-01   4.945289343E+14
   4.474523422E-01   4.949824947E+14
   4.479523309E-01   4.954935206E+14
   4.484523630E-01   4.958431689E+14
   4.489523550E-01   4.963886459E+14
   4.494523475E-01   4.968092742E+14
   4.499523396E-01   4.973574890E+14
   4.504523306E-01   4.976911303E+14
   4.509523615E-01   4.982207620E+14
   4.514523487E-01   4.986794475E+14
   4.519523329E-01   4.991510900E+14
   4.524523550E-01   4.996060714E+14
   4.529523315E-01   5.000246581E+14
   4.534523445E-01   5.005152194E+14
   4.539523517E-01   5.009473971E+14
   4.544523521E-01   5.014820620E+14
   4.549523451E-01   5.018139328E+14
   4.554523297E-01   5.023302478E+14
   4.559523474E-01   5.027824489E+14
   4.564523560E-01   5.032744500E+14
   4.569523547E-01   5.037099431E+14
   4.574523425E-01   5.041090431E+14
   4.579523604E-01   5.046104350E+14
   4.584523662E-01   5.050563141E+14
   4.589523594E-01   5.055485357E+14
   4.594523389E-01   5.059765306E+14
   4.599523460E-01   5.063705313E+14
   4.604523383E-01   5.068869134E+14
   4.609523570E-01   5.073526877E+14
   4.614523596E-01   5.077774403E+14
   4.619523449E-01   5.082888676E+14
   4.624523541E-01   5.087159985E+14
   4.629523452E-01   5.091062104E+14
   4.634523589E-01   5.095885559E+14
   4.639523522E-01   5.100675373E+14
   4.644523659E-01   5.105182821E+14
   4.649523580E-01   5.109495454E+14
   4.654523273E-01   5.113995528E+14
   4.659523567E-01   5.119007406E+14
   4.664523616E-01   5.123607010E+14
   4.669523416E-01   5.127634118E+14
   4.674523376E-01   5.131547594E+14
   4.679523487E-01   5.136163848E+14
   4.684523321E-01   5.140917629E+14
   4.689523289E-01   5.145551880E+14
   4.694523384E-01   5.150191011E+14
   4.699523596E-01   5.154683302E+14
   4.704523507E-01   5.159191926E+14
   4.709523531E-01   5.163543826E+14
   4.714523657E-01   5.167873384E+14
   4.719523452E-01   5.172487711E+14
   4.724523334E-01   5.177435555E+14
   4.729523296E-01   5.182200190E+14
   4.734523325E-01   5.186830155E+14
   4.739523411E-01   5.191424626E+14
   4.744523549E-01   5.195824647E+14
   4.749523312E-01   5.200339156E+14
   4.754523528E-01   5.204829415E+14
   4.759523346E-01   5.209271522E+14
   4.764523601E-01   5.213849726E+14
   4.769523442E-01   5.218331177E+14
   4.774523278E-01   5.222786404E+14
   4.779523520E-01   5.227210585E+14
   4.784523323E-01   5.231603738E+14
   4.789523519E-01   5.236083291E+14
   4.794523673E-01   5.240629177E+14
   4.799523356E-01   5.245389268E+14
   4.804523404E-01   5.250008118E+14
   4.809523386E-01   5.254723488E+14
   4.814523290E-01   5.259450804E+14
   4.819523530E-01   5.264334295E+14
   4.824523678E-01   5.269020781E+14
   4.829523297E-01   5.273890300E+14
   4.834523644E-01   5.278754890E+14
   4.839523446E-01   5.283619978E+14
   4.844523537E-01   5.288284946E+14
   4.849523483E-01   5.292756428E+14
   4.854523277E-01   5.297760563E+14
   4.859523332E-01   5.302884688E+14
   4.864523637E-01   5.307133099E+14
   4.869523338E-01   5.311286036E+14
   4.874523271E-01   5.316356103E+14
   4.879523428E-01   5.321246577E+14
   4.884523372E-01   5.325969546E+14
   4.889523521E-01   5.331018908E+14
   4.894523442E-01   5.335030000E+14
   4.899523547E-01   5.339930939E+14
   4.904523402E-01   5.344735501E+14
   4.909523422E-01   5.349990195E+14
   4.914523599E-01   5.353918495E+14
   4.919523497E-01   5.358729829E+14
   4.924523531E-01   5.363492292E+14
   4.929523266E-01   5.368372583E+14
   4.934523541E-01   5.372565134E+14
   4.939523499E-01   5.377462594E+14
   4.944523553E-01   5.382619354E+14
   4.949523267E-01   5.386645300E+14
   4.954523481E-01   5.391535416E+14
   4.959523339E-01   5.396619819E+14
   4.964523676E-01   5.400566239E+14
   4.969523634E-01   5.405594177E+14
   4.974523632E-01   5.410225631E+14
   4.979523656E-01   5.414700618E+14
   4.984523274E-01   5.420059518E+14
   4.989523325E-01   5.423692539E+14
   4.994523375E-01   5.428895301E+14
   4.999523418E-01   5.433343900E+14
   5.004523440E-01   5.437814026E+14
   5.009523439E-01   5.442981152E+14
   5.014523400E-01   5.447085907E+14
   5.019523319E-01   5.452495286E+14
   5.024523609E-01   5.456305363E+14
   5.029523414E-01   5.461894216E+14
   5.034523576E-01   5.465562011E+14
   5.039523662E-01   5.471158196E+14
   5.044523661E-01   5.474779894E+14
   5.049523569E-01   5.480233415E+14
   5.054523374E-01   5.483964331E+14
   5.059523497E-01   5.489241602E+14
   5.064523502E-01   5.493336431E+14
   5.069523386E-01   5.498010197E+14
   5.074523561E-01   5.502951005E+14
   5.079523598E-01   5.506759205E+14
   5.084523488E-01   5.512508673E+14
   5.089523650E-01   5.515843269E+14
   5.094523651E-01   5.520997194E+14
   5.099523483E-01   5.525642418E+14
   5.104523566E-01   5.529424506E+14
   5.109523466E-01   5.534987157E+14
   5.114523602E-01   5.538688658E+14
   5.119523543E-01   5.543105134E+14
   5.124523278E-01   5.548590776E+14
   5.129523658E-01   5.551744182E+14
   5.134523397E-01   5.556809401E+14
   5.139523337E-01   5.561712463E+14
   5.144523476E-01   5.564973177E+14
   5.149523380E-01   5.570352539E+14
   5.154523468E-01   5.574571328E+14
   5.159523307E-01   5.578295823E+14
   5.164523319E-01   5.583723480E+14
   5.169523497E-01   5.587379250E+14
   5.174523409E-01   5.591589423E+14
   5.179523473E-01   5.596841693E+14
   5.184523261E-01   5.600071683E+14
   5.189523619E-01   5.604939802E+14
   5.194523257E-01   5.609446420E+14
   5.199523457E-01   5.613124433E+14
   5.204523353E-01   5.618197658E+14
   5.209523368E-01   5.621689831E+14
   5.214523498E-01   5.626271460E+14
   5.219523309E-01   5.630755319E+14
   5.224523649E-01   5.634232420E+14
   5.229523661E-01   5.639426643E+14
   5.234523337E-01   5.642828314E+14
   5.239523526E-01   5.647272863E+14
   5.244523369E-01   5.651746904E+14
   5.249523291E-01   5.655503489E+14
   5.254523281E-01   5.660318686E+14
   5.259523337E-01   5.663734959E+14
   5.264523456E-01   5.668579345E+14
   5.269523627E-01   5.672251792E+14
   5.274523420E-01   5.676543740E+14
   5.279523259E-01   5.680868362E+14
   5.284523565E-01   5.684523478E+14
   5.289523475E-01   5.689183535E+14
   5.294523415E-01   5.692761482E+14
   5.299523379E-01   5.697370196E+14
   5.304523360E-01   5.700782577E+14
   5.309523356E-01   5.705472567E+14
   5.314523361E-01   5.709199415E+14
   5.319523368E-01   5.713268342E+14
   5.324523372E-01   5.717213309E+14
   5.329523373E-01   5.721348642E+14
   5.334523360E-01   5.725387964E+14
   5.339523331E-01   5.729189226E+14
   5.344523282E-01   5.733592089E+14
   5.349523636E-01   5.737053544E+14
   5.354523530E-01   5.741453723E+14
   5.359523390E-01   5.745023856E+14
   5.364523639E-01   5.749320566E+14
   5.369523414E-01   5.752762785E+14
   5.374523570E-01   5.757255937E+14
   5.379523674E-01   5.760670940E+14
   5.384523290E-01   5.764901629E+14
   5.389523274E-01   5.768507703E+14
   5.394523623E-01   5.772652958E+14
   5.399523471E-01   5.776113433E+14
   5.404523675E-01   5.780371440E+14
   5.409523373E-01   5.783960414E+14
   5.414523417E-01   5.787982085E+14
   5.419523376E-01   5.791692741E+14
   5.424523676E-01   5.795588036E+14
   5.429523456E-01   5.799219031E+14
   5.434523573E-01   5.803281451E+14
   5.439523592E-01   5.806871418E+14
   5.444523510E-01   5.810708756E+14
   5.449523323E-01   5.814509423E+14
   5.454523457E-01   5.818268285E+14
   5.459523478E-01   5.821889080E+14
   5.464523386E-01   5.825838295E+14
   5.469523603E-01   5.829401921E+14
   5.474523269E-01   5.833155291E+14
   5.479523668E-01   5.836878590E+14
   5.484523510E-01   5.840589225E+14
   5.489523648E-01   5.844159003E+14
   5.494523652E-01   5.848015452E+14
   5.499523519E-01   5.851448845E+14
   5.504523674E-01   5.855204006E+14
   5.509523684E-01   5.858757259E+14
   5.514523546E-01   5.862373215E+14
   5.519523256E-01   5.865853548E+14
   5.524523670E-01   5.869591584E+14
   5.529523493E-01   5.872937029E+14
   5.534523580E-01   5.876598266E+14
   5.539523499E-01   5.880029429E+14
   5.544523674E-01   5.883616122E+14
   5.549523670E-01   5.887003252E+14
   5.554523483E-01   5.890595253E+14
   5.559523539E-01   5.893898091E+14
   5.564523404E-01   5.897487422E+14
   5.569523502E-01   5.900784206E+14
   5.574523400E-01   5.904217251E+14
   5.579523524E-01   5.907627297E+14
   5.584523438E-01   5.910920484E+14
   5.589523570E-01   5.914278945E+14
   5.594523483E-01   5.917595836E+14
   5.599523605E-01   5.920901920E+14
   5.604523501E-01   5.924138894E+14
   5.609523597E-01   5.927492309E+14
   5.614523459E-01   5.930638694E+14
   5.619523511E-01   5.933851343E+14
   5.624523321E-01   5.937100151E+14
   5.629523315E-01   5.940145510E+14
   5.634523487E-01   5.943367359E+14
   5.639523405E-01   5.946499945E+14
   5.644523495E-01   5.949509904E+14
   5.649523324E-01   5.952696329E+14
   5.654523317E-01   5.955753601E+14
   5.659523474E-01   5.958821043E+14
   5.664523365E-01   5.961955630E+14
   5.669523384E-01   5.964087095E+14
   5.674523509E-01   5.966636469E+14
   5.679523302E-01   5.969858940E+14
   5.684523622E-01   5.972150960E+14
   5.689523604E-01   5.974689994E+14
   5.694523670E-01   5.977650041E+14
   5.699523400E-01   5.979880844E+14
   5.704523656E-01   5.982661868E+14
   5.709523583E-01   5.985558361E+14
   5.714523619E-01   5.987880177E+14
   5.719523339E-01   5.991197992E+14
   5.724523601E-01   5.993731838E+14
   5.729523541E-01   5.996065342E+14
   5.734523588E-01   5.999281061E+14
   5.739523305E-01   6.001588883E+14
   5.744523525E-01   6.003742577E+14
   5.749523386E-01   6.005104849E+14
   5.754523318E-01   6.009398761E+14
   5.759523314E-01   6.011596669E+14
   5.764523363E-01   6.012837259E+14
   5.769523465E-01   6.015640348E+14
   5.774523619E-01   6.017346196E+14
   5.779523395E-01   6.020468352E+14
   5.784523652E-01   6.022478276E+14
   5.789523531E-01   6.024278717E+14
   5.794523461E-01   6.027044459E+14
   5.799523442E-01   6.028875635E+14
   5.804523471E-01   6.031303160E+14
   5.809523548E-01   6.033825628E+14
   5.814523670E-01   6.035397248E+14
   5.819523405E-01   6.038013729E+14
   5.824523612E-01   6.040188239E+14
   5.829523430E-01   6.042044803E+14
   5.834523286E-01   6.044683914E+14
   5.839523609E-01   6.046447231E+14
   5.844523538E-01   6.048562525E+14
   5.849523500E-01   6.051034254E+14
   5.854523495E-01   6.052603475E+14
   5.859523521E-01   6.054982380E+14
   5.864523576E-01   6.057042372E+14
   5.869523659E-01   6.058699204E+14
   5.874523339E-01   6.061248891E+14
   5.879523475E-01   6.062890024E+14
   5.884523636E-01   6.064764493E+14
   5.889523389E-01   6.067179277E+14
   5.894523596E-01   6.068641287E+14
   5.899523394E-01   6.070846742E+14
   5.904523642E-01   6.072902979E+14
   5.909523481E-01   6.074385159E+14
   5.914523339E-01   6.076796965E+14
   5.919523645E-01   6.078459201E+14
   5.924523541E-01   6.080205019E+14
   5.929523454E-01   6.082550755E+14
   5.934523385E-01   6.083975988E+14
   5.939523334E-01   6.086102377E+14
   5.944523300E-01   6.088109519E+14
   5.949523285E-01   6.089138948E+14
   5.954523289E-01   6.091825446E+14
   5.959523310E-01   6.093442899E+14
   5.964523352E-01   6.095070844E+14
   5.969523412E-01   6.097641191E+14
   5.974523492E-01   6.098755469E+14
   5.979523592E-01   6.100838034E+14
   5.984523282E-01   6.103079113E+14
   5.989523424E-01   6.104241008E+14
   5.994523588E-01   6.106646866E+14
   5.999523342E-01   6.108359419E+14
   6.004523550E-01   6.109914040E+14
   6.009523350E-01   6.112337957E+14
   6.014523603E-01   6.113575834E+14
   6.019523450E-01   6.115685555E+14
   6.024523320E-01   6.117669461E+14
   6.029523644E-01   6.118899502E+14
   6.034523562E-01   6.121301474E+14
   6.039523505E-01   6.122757609E+14
   6.044523473E-01   6.124433045E+14
   6.049523466E-01   6.126713037E+14
   6.054523485E-01   6.127862172E+14
   6.059523529E-01   6.130013233E+14
   6.064523599E-01   6.131775251E+14
   6.069523264E-01   6.133145172E+14
   6.074523386E-01   6.135496706E+14
   6.079523532E-01   6.136775880E+14
   6.084523274E-01   6.138676316E+14
   6.089523473E-01   6.140669226E+14
   6.094523268E-01   6.141886268E+14
   6.099523520E-01   6.144160859E+14
   6.104523369E-01   6.145632561E+14
   6.109523676E-01   6.147256323E+14
   6.114523580E-01   6.149403878E+14
   6.119523512E-01   6.150569104E+14
   6.124523472E-01   6.152711221E+14
   6.129523459E-01   6.154362100E+14
   6.134523476E-01   6.155735849E+14
   6.139523520E-01   6.158007874E+14
   6.144523594E-01   6.159172631E+14
   6.149523267E-01   6.161108096E+14
   6.154523400E-01   6.162962143E+14
   6.159523562E-01   6.164159256E+14
   6.164523323E-01   6.166437526E+14
   6.169523544E-01   6.167735581E+14
   6.174523365E-01   6.169455156E+14
   6.179523646E-01   6.171481274E+14
   6.184523527E-01   6.172591730E+14
   6.189523439E-01   6.174814573E+14
   6.194523380E-01   6.176251952E+14
   6.199523352E-01   6.177772978E+14
   6.204523355E-01   6.179877760E+14
   6.209523388E-01   6.181046624E+14
   6.214523453E-01   6.183069899E+14
   6.219523548E-01   6.184666795E+14
   6.224523674E-01   6.185996540E+14
   6.229523401E-01   6.188164744E+14
   6.234523589E-01   6.189328264E+14
   6.239523378E-01   6.191238058E+14
   6.244523629E-01   6.192951131E+14
   6.249523479E-01   6.194198565E+14
   6.254523361E-01   6.196350019E+14
   6.259523275E-01   6.197564645E+14
   6.264523652E-01   6.199317437E+14
   6.269523630E-01   6.201149499E+14
   6.274523640E-01   6.202049935E+14
   6.279523683E-01   6.204447954E+14
   6.284523327E-01   6.205701655E+14
   6.289523435E-01   6.207399174E+14
   6.294523576E-01   6.209261213E+14
   6.299523319E-01   6.210427502E+14
   6.304523525E-01   6.212530181E+14
   6.309523334E-01   6.213880318E+14
   6.314523607E-01   6.215438252E+14
   6.319523483E-01   6.217375113E+14
   6.324523392E-01   6.218443963E+14
   6.329523334E-01   6.220578337E+14
   6.334523310E-01   6.221865744E+14
   6.339523320E-01   6.223421138E+14
   6.344523363E-01   6.225335064E+14
   6.349523441E-01   6.226474726E+14
   6.354523552E-01   6.228487997E+14
   6.359523267E-01   6.229860296E+14
   6.364523447E-01   6.231325355E+14
   6.369523660E-01   6.233270159E+14
   6.374523478E-01   6.234370788E+14
   6.379523330E-01   6.236310043E+14
   6.384523647E-01   6.237759095E+14
   6.389523569E-01   6.239160596E+14
   6.394523525E-01   6.241053040E+14
   6.399523516E-01   6.242135301E+14
   6.404523542E-01   6.244091325E+14
   6.409523603E-01   6.245488943E+14
   6.414523269E-01   6.246904513E+14
   6.419523401E-01   6.248814671E+14
   6.424523568E-01   6.249872798E+14
   6.429523340E-01   6.251815347E+14
   6.434523578E-01   6.253142922E+14
   6.439523421E-01   6.254605939E+14
   6.444523300E-01   6.256407200E+14
   6.449523645E-01   6.257529459E+14
   6.454523596E-01   6.259466434E+14
   6.459523582E-01   6.260738621E+14
   6.464523605E-01   6.262250165E+14
   6.469523663E-01   6.263988618E+14
   6.474523327E-01   6.265121760E+14
   6.479523459E-01   6.267019283E+14
   6.484523626E-01   6.268249362E+14
   6.489523400E-01   6.269779409E+14
   6.494523640E-01   6.271477761E+14
   6.499523487E-01   6.272593101E+14
   6.504523370E-01   6.274514057E+14
   6.509523290E-01   6.275684828E+14
   6.514523678E-01   6.277291759E+14
   6.519523672E-01   6.278924736E+14
   6.524523272E-01   6.280071318E+14
   6.529523340E-01   6.282004455E+14
   6.534523445E-01   6.283118991E+14
   6.539523588E-01   6.284835174E+14
   6.544523337E-01   6.286368798E+14
   6.549523554E-01   6.287591673E+14
   6.554523378E-01   6.289476694E+14
   6.559523670E-01   6.290571364E+14
   6.564523570E-01   6.292334545E+14
   6.569523506E-01   6.293774795E+14
   6.574523481E-01   6.295061640E+14
   6.579523493E-01   6.296935103E+14
   6.584523543E-01   6.297989332E+14
   6.589523631E-01   6.299835459E+14
   6.594523326E-01   6.301180433E+14
   6.599523490E-01   6.302550197E+14
   6.604523261E-01   6.304322153E+14
   6.609523502E-01   6.305396556E+14
   6.614523350E-01   6.307234353E+14
   6.619523667E-01   6.308486641E+14
   6.624523592E-01   6.309932214E+14
   6.629523555E-01   6.311633676E+14
   6.634523557E-01   6.312715885E+14
   6.639523598E-01   6.314558203E+14
   6.644523677E-01   6.315730796E+14
   6.649523365E-01   6.317289551E+14
   6.654523521E-01   6.318823990E+14
   6.659523287E-01   6.320022340E+14
   6.664523521E-01   6.321815846E+14
   6.669523365E-01   6.322922063E+14
   6.674523678E-01   6.324539485E+14
   6.679523600E-01   6.325963498E+14
   6.684523561E-01   6.327216939E+14
   6.689523562E-01   6.328986316E+14
   6.694523602E-01   6.330036813E+14
   6.699523682E-01   6.331782989E+14
   6.704523370E-01   6.333036972E+14
   6.709523529E-01   6.334427684E+14
   6.714523296E-01   6.336082237E+14
   6.719523534E-01   6.337160969E+14
   6.724523382E-01   6.338921340E+14
   6.729523269E-01   6.340094004E+14
   6.734523627E-01   6.341595293E+14
   6.739523594E-01   6.343102645E+14
   6.744523601E-01   6.344251618E+14
   6.749523649E-01   6.345980492E+14
   6.754523305E-01   6.347061127E+14
   6.759523434E-01   6.348689169E+14
   6.764523602E-01   6.350025086E+14
   6.769523380E-01   6.351298321E+14
   6.774523629E-01   6.352909175E+14
   6.779523488E-01   6.354016903E+14
   6.784523388E-01   6.355743101E+14
   6.789523328E-01   6.356901919E+14
   6.794523309E-01   6.358364297E+14
   6.799523331E-01   6.359867079E+14
